0	0	0	0	0	0	0	0	0	0
0	0	0	0	0	0	0	0	0	0
1.55941	-0.138498	1.56135	-0.138671	1.55944	-0.138501	2.09897	0.0522228	2.19595	0.109339
1.6077	0.0467215	2.27605	0.0642401	1.81209	0.0474826	2.09897	0.0522228	2.19595	0.109339
3.89089	-0.133169	2.2865	-0.279358	3.89093	-0.134166	4.29136	0.215312	2.28434	0.226323
3.94172	0.0817756	2.39211	0.0248806	4.19528	0.218461	4.29136	0.215312	2.28434	0.226323
6.85844	0.414824	3.41889	0.530457	6.86352	0.416818	6.56942	0.496096	2.36382	0.348847
6.68003	0.433172	2.65824	0.481942	6.43926	0.472879	6.56942	0.496096	2.36382	0.348847
9.07986	0.595483	2.14909	-0.0612895	9.07733	0.593211	8.92437	0.89924	2.43359	0.474526
9.09156	0.668595	2.39237	0.107113	8.89749	0.886982	8.92437	0.89924	2.43359	0.474526
11.5745	1.66049	2.58955	1.62041	11.5755	1.6669	11.3468	1.427	2.49328	0.600781
11.5216	1.62066	2.37377	1.5265	11.4447	1.42958	11.3468	1.427	2.49328	0.600781
13.5952	2.31805	1.7659	0.0973783	13.5921	2.31191	13.827	2.07904	2.5429	0.724947
13.6888	2.29366	2.32308	0.143711	13.6572	1.99915	13.827	2.07904	2.5429	0.724947
16.6395	2.89942	3.55839	0.956392	16.6456	2.903	16.3554	2.85243	2.58284	0.844365
16.4806	2.87277	2.86537	0.796963	16.282	2.84648	16.3554	2.85243	2.58284	0.844365
19.0137	3.70542	2.22206	0.844592	19.0106	3.70555	18.923	3.74161	2.61382	0.95648
19.0871	3.72595	2.37232	0.884775	19.363	3.87122	18.923	3.74161	2.61382	0.95648
21.3324	4.73123	2.13166	1.08499	21.3312	4.73205	21.5215	4.73855	2.63679	1.05891
21.4288	4.74998	2.49592	1.17408	21.6213	4.74762	21.5215	4.73855	2.63679	1.05891
24.0774	5.57216	2.77335	0.580136	24.0787	5.56968	24.1437	5.83295	2.65286	1.14952
24.1855	5.60719	3.00114	0.651111	24.5601	5.92334	24.1437	5.83295	2.65286	1.14952
26.6103	6.95625	1.92624	1.8124	26.6053	6.96102	26.7833	7.01246	2.6632	1.22647
26.6694	6.97018	2.36334	1.94779	26.5419	6.90075	26.7833	7.01246	2.6632	1.22647
29.5817	8.09358	3.37347	0.570326	29.5864	8.08789	29.4352	8.26299	2.66893	1.28822
29.5272	8.08316	3.09122	0.485714	29.4716	8.24519	29.4352	8.26299	2.66893	1.28822
31.9471	9.87108	1.88116	2.67241	31.9416	9.88017	32.0955	9.56901	2.67104	1.33358
31.9327	9.85955	1.99264	2.70441	31.7928	9.49891	32.0955	9.56901	2.67104	1.33358
34.6105	10.7119	3.18418	-0.423595	34.6157	10.6988	34.7608	10.9139	2.67035	1.3617
34.6935	10.7406	3.28732	-0.390708	35.0599	10.9953	34.7608	10.9139	2.67035	1.3617
37.147	12.0762	1.80743	2.51129	37.1404	12.0883	37.4287	12.2803	2.66736	1.37209
37.2622	12.1156	2.20648	2.65443	37.4973	12.2943	37.4287	12.2803	2.66736	1.37209
40.3215	13.4755	3.74904	0.495409	40.3285	13.4666	40.0971	13.6505	2.66232	1.36458
40.1879	13.434	3.19985	0.299318	39.9009	13.6243	40.0971	13.6505	2.66232	1.36458
42.7713	14.8218	2.1005	2.1224	42.7664	14.8294	42.7638	15.0065	2.65515	1.33938
42.7953	14.8329	2.36708	2.23012	42.5714	14.9817	42.7638	15.0065	2.65515	1.33938
45.3558	16.556	2.69772	1.37328	45.3572	16.5524	45.4265	16.3307	2.64546	1.297
45.4026	16.5715	2.77646	1.39865	45.649	16.5213	45.4265	16.3307	2.64546	1.297
48.1549	17.2885	2.6741	0.223363	48.1541	17.2835	48.0823	17.6063	2.6326	1.23832
48.1525	17.2907	2.76596	0.26374	47.9331	17.5349	48.0823	17.6063	2.6326	1.23832
50.6243	19.0612	2.32641	2.83382	50.6228	19.0721	50.7276	18.8172	2.61569	1.16454
50.5736	19.0402	2.11975	2.75106	50.5737	18.7834	50.7276	18.8172	2.61569	1.16454
53.7188	19.9113	3.92819	-0.401498	53.7268	19.8982	53.3577	19.9486	2.59372	1.07716
53.6038	19.8688	3.35757	-0.612687	53.5277	19.862	53.3577	19.9486	2.59372	1.07716
56.0393	21.0795	1.74272	2.45088	56.0322	21.0923	55.9669	20.9874	2.56561	0.978022
56.0304	21.076	1.84452	2.4909	55.867	20.985	55.9669	20.9874	2.56561	0.978022
58.6574	21.7946	3.19425	-0.496651	58.6632	21.7821	58.5483	21.9225	2.53033	0.869205
58.6555	21.7952	3.1904	-0.495794	58.5799	21.9815	58.5483	21.9225	2.53033	0.869205
60.88	22.7775	1.46425	1.96911	60.8722	22.7876	61.0941	22.7449	2.48697	0.753031
60.9213	22.7924	1.85604	2.11097	60.7648	22.6398	61.0941	22.7449	2.48697	0.753031
63.3777	23.4174	2.88177	-0.397963	63.3821	23.4069	63.5955	23.4479	2.43482	0.631987
63.4379	23.4409	2.88814	-0.393789	63.7478	23.7442	63.5955	23.4479	2.43482	0.631987
66.3394	23.9889	2.99284	1.22944	66.3403	23.9959	66.0431	24.0276	2.37349	0.508655
66.1698	23.9277	2.27217	0.981396	65.8838	23.9541	66.0431	24.0276	2.37349	0.508655
68.2641	24.3624	1.88601	0.0256279	68.2621	24.3582	68.4273	24.4824	2.30293	0.385623
68.4081	24.4144	2.41728	0.211638	68.6759	24.6059	68.4273	24.4824	2.30293	0.385623
70.8273	24.8825	2.44179	0.652896	70.8275	24.8844	70.7385	24.8137	2.22347	0.265395
70.7719	24.8623	2.21187	0.575721	70.7403	24.6728	70.7385	24.8137	2.22347	0.265395
72.8937	24.7189	1.98139	-0.667658	72.8923	24.7135	72.9675	25.025	2.13584	0.150292
72.979	24.7492	2.30215	-0.559644	73.0732	25.0343	72.9675	25.025	2.13584	0.150292
75.0039	25.2518	1.85325	1.24334	75.0021	25.2595	75.1062	25.1224	2.04114	0.0423626
74.9801	25.2434	1.7538	1.21077	74.9748	25.1378	75.1062	25.1224	2.04114	0.0423626
77.12	24.9405	2.37854	-1.35812	77.1225	24.9297	77.1475	25.1137	1.9408	-0.0566979
77.1135	24.9396	2.23138	-1.40027	77.1386	25.2948	77.1475	25.1137	1.9408	-0.0566979
79.11	25.0261	1.89304	1.13289	79.1089	25.0369	79.0861	25.0086	1.83649	-0.145607
79.0731	25.0141	1.61975	1.05587	79.1718	24.9698	79.0861	25.0086	1.83649	-0.145607
80.8072	24.8775	1.75179	-0.979912	80.8074	24.8688	80.9183	24.8178	1.73008	-0.223536
80.8647	24.8947	1.85012	-0.949787	81.1423	24.8704	80.9183	24.8178	1.73008	-0.223536
82.622	24.6343	1.72105	0.224476	82.6216	24.6393	82.6423	24.5525	1.6235	-0.29012
82.5828	24.6232	1.5204	0.168142	82.5085	24.8114	82.6423	24.5525	1.6235	-0.29012
84.1729	24.5521	1.63764	-0.236561	84.1733	24.5504	84.2584	24.2245	1.51869	-0.345444
84.1797	24.5533	1.63753	-0.237329	84.2898	24.3312	84.2584	24.2245	1.51869	-0.345444
85.6398	23.8118	1.26068	-1.11203	85.6378	23.808	85.7688	23.8451	1.41749	-0.390006
85.7255	23.835	1.5479	-1.03898	85.9743	23.7547	85.7688	23.8451	1.41749	-0.390006
86.9475	23.522	0.967036	0.180057	86.9449	23.527	87.1776	23.4252	1.32159	-0.424654
87.06	23.5516	1.13615	0.226318	87.6171	23.5127	87.1776	23.4252	1.32159	-0.424654
88.8174	22.7937	2.2723	-1.41465	88.8227	22.7869	88.4904	22.9745	1.23247	-0.450514
88.6885	22.7609	1.74427	-1.54115	88.4191	22.9498	88.4904	22.9745	1.23247	-0.450514
89.5048	22.3009	0.0192859	0.246148	89.4967	22.3082	89.7145	22.5017	1.15138	-0.468904
89.6338	22.3336	0.577741	0.375832	89.7821	22.4826	89.7145	22.5017	1.15138	-0.468904
90.5111	21.675	1.09383	-1.37074	90.5133	21.6677	90.858	22.0141	1.07929	-0.481241
90.6023	21.6982	1.3175	-1.3158	90.8419	22.0974	90.858	22.0141	1.07929	-0.481241
91.7193	21.1101	0.972879	-0.086813	91.7178	21.1152	91.9302	21.5174	1.01698	-0.488963
91.7764	21.1244	0.98115	-0.0793497	92.0492	21.5289	91.9302	21.5174	1.01698	-0.488963
92.859	20.9543	1.17222	-0.228078	92.8599	20.9537	92.9411	21.016	0.964993	-0.493443
92.9079	20.9654	1.07698	-0.243303	93.3186	21.0712	92.9411	21.016	0.964993	-0.493443
93.472	20.2194	0.0563277	-1.12792	93.4668	20.2155	93.9011	20.513	0.92369	-0.495918
93.632	20.2551	0.799998	-0.975928	93.7423	20.5071	93.9011	20.513	0.92369	-0.495918
95.3143	19.6553	2.52855	-0.288036	95.3229	19.6585	94.8209	20.01	0.893308	-0.497439
95.0098	19.5921	1.23445	-0.536357	94.494	19.8854	94.8209	20.01	0.893308	-0.497439
95.5105	19.6942	-0.153596	0.511865	95.5039	19.6984	95.7116	19.5078	0.87398	-0.498816
95.612	19.7147	0.4305	0.622322	95.6097	19.5804	95.7116	19.5078	0.87398	-0.498816
96.2625	19.168	0.797603	-1.35502	96.264	19.1597	96.5842	19.0066	0.865773	-0.50059
96.3223	19.1788	0.977297	-1.32363	96.559	18.8688	96.5842	19.0066	0.865773	-0.50059
97.5261	18.7206	1.45827	0.158815	97.5286	18.727	97.45	18.506	0.868716	-0.503009
97.4439	18.7039	1.01373	0.0836486	97.5333	18.1735	97.45	18.506	0.868716	-0.503009
98.213	18.377	0.520156	-0.625412	98.2105	18.3739	98.3198	18.0049	0.882804	-0.506023
98.2755	18.3879	0.780606	-0.579527	98.4162	18.1556	98.3198	18.0049	0.882804	-0.506023
99.0367	17.3602	0.722258	-1.34185	99.0363	17.357	99.2049	17.503	0.908006	-0.509278
99.075	17.3669	1.02734	-1.29735	98.9782	17.2949	99.2049	17.503	0.908006	-0.509278
99.9975	16.9817	0.863746	0.247309	99.9969	16.9882	100.117	17.0001	0.944242	-0.512134
100.056	16.9914	0.863285	0.249667	100.441	16.9521	100.117	17.0001	0.944242	-0.512134
101.201	16.5417	1.38092	-0.925628	101.204	16.5368	101.066	16.497	0.991362	-0.513687
101.157	16.5342	1.13947	-0.961461	101.169	16.4353	101.066	16.497	0.991362	-0.513687
102.386	16.3933	1.34606	0.434871	102.387	16.3992	102.063	15.9949	1.04911	-0.512803
102.277	16.3752	0.986763	0.381161	102.081	15.8359	102.063	15.9949	1.04911	-0.512803
103.006	15.3631	0.433302	-1.99289	103.003	15.353	103.119	15.4967	1.11708	-0.508169
103.064	15.3713	1.03383	-1.92066	102.776	15.1195	103.119	15.4967	1.11708	-0.508169
104.114	15.2579	1.13074	1.14527	104.114	15.2708	104.244	15.0064	1.19469	-0.498349
104.057	15.2489	1.01363	1.12693	103.905	14.7607	104.244	15.0064	1.19469	-0.498349
105.537	14.4548	1.85014	-2.11379	105.541	14.4413	105.447	14.5293	1.28111	-0.481861
105.451	14.4424	1.54353	-2.1514	105.316	14.0026	105.447	14.5293	1.28111	-0.481861
106.832	14.0358	1.28684	0.80077	106.831	14.0482	106.737	14.0724	1.37529	-0.457255
106.776	14.0288	1.24455	0.796192	106.439	14.2401	106.737	14.0724	1.37529	-0.457255
108.083	13.6686	1.32773	-1.16185	108.084	13.6604	108.122	13.644	1.47592	-0.423202
108.126	13.6741	1.55741	-1.13675	108.131	13.6844	108.122	13.644	1.47592	-0.423202
109.535	13.5641	1.30256	0.598446	109.534	13.5714	109.606	13.2536	1.58144	-0.378583
109.514	13.5607	1.33643	0.599239	109.388	13.1556	109.606	13.2536	1.58144	-0.378583
111.061	12.5925	1.69881	-2.05	111.063	12.5814	111.196	12.9118	1.69008	-0.322574
111.143	12.6026	1.86483	-2.02965	111.426	12.9557	111.196	12.9118	1.69008	-0.322574
112.913	12.4742	1.7372	1.18835	112.913	12.4877	112.893	12.6299	1.7999	-0.254723
112.89	12.4722	1.65549	1.1806	112.797	12.8241	112.893	12.6299	1.7999	-0.254723
114.799	12.5583	2.11735	-0.666048	114.801	12.5506	114.699	12.4195	1.90891	-0.175007
114.788	12.5566	1.96604	-0.679794	114.916	12.3187	114.699	12.4195	1.90891	-0.175007
116.688	12.102	1.84371	-0.300301	116.687	12.1036	116.611	12.2921	2.01507	-0.0838683
116.749	12.1082	2.07701	-0.278137	116.871	12.0659	116.611	12.2921	2.01507	-0.0838683
118.952	11.9997	2.3261	0.0124398	118.953	12.0009	118.628	12.2586	2.11647	0.0177712
118.92	11.9972	2.18009	-0.00191639	118.85	12.4063	118.628	12.2586	2.11647	0.0177712
120.699	12.2898	1.40666	0.486176	120.695	12.2918	120.743	12.3289	2.21139	0.128528
120.812	12.301	1.92966	0.534474	120.934	12.1905	120.743	12.3289	2.21139	0.128528
123.56	12.8295	3.52286	0.545532	123.568	12.8297	122.95	12.5114	2.29835	0.246599
123.356	12.8084	2.59139	0.443228	123.142	12.7694	122.95	12.5114	2.29835	0.246599
124.904	12.7779	0.548727	-0.386327	124.894	12.7743	125.242	12.8125	2.37624	0.369827
125.208	12.8097	2.05718	-0.229385	125.376	12.9964	125.242	12.8125	2.37624	0.369827
127.847	13.3218	3.20884	1.04151	127.853	13.3273	127.609	13.2365	2.44434	0.495787
127.707	13.3072	2.62736	0.981771	127.506	13.153	127.609	13.2365	2.44434	0.495787
129.951	13.7006	1.866	-0.0245317	129.947	13.6963	130.042	13.7853	2.50232	0.621879
130.072	13.7134	2.29284	0.0225383	130.334	13.781	130.042	13.7853	2.50232	0.621879
132.094	14.5016	1.78802	1.31193	132.092	14.507	132.53	14.458	2.55028	0.74543
132.221	14.5151	2.30665	1.37029	132.447	14.3423	132.53	14.458	2.55028	0.74543
135.069	15.0533	3.33501	-0.0240309	135.073	15.0475	135.066	15.2513	2.58865	0.863795
134.989	15.0441	2.81643	-0.0815419	135.127	14.6575	135.066	15.2513	2.58865	0.863795
137.563	16.2059	2.37818	2.01731	137.561	16.2147	137.639	16.1592	2.61821	0.974442
137.614	16.2124	2.5923	2.04866	137.653	16.5145	137.639	16.1592	2.61821	0.974442
140.331	17.0169	2.79698	-0.0553544	140.331	17.008	140.242	17.1733	2.63994	1.07503
140.347	17.0195	2.86722	-0.0446989	140.305	17.5379	140.242	17.1733	2.63994	1.07503
142.891	17.9847	2.27164	1.65634	142.888	17.9918	142.868	18.2829	2.65497	1.16346
142.895	17.9854	2.50719	1.68879	142.626	18.1458	142.868	18.2829	2.65497	1.16346
145.392	19.1653	2.47157	0.826097	145.392	19.1617	145.51	19.4754	2.66445	1.23795
145.496	19.1792	2.76246	0.866928	145.789	19.3785	145.51	19.4754	2.66445	1.23795
148.251	20.4723	2.76285	1.58905	148.251	20.4754	148.163	20.7364	2.66951	1.29702
148.223	20.4689	2.61847	1.56661	148.146	20.9376	148.163	20.7364	2.66951	1.29702
150.687	22.1137	2.32236	1.69376	150.686	22.1142	150.825	22.0502	2.67111	1.33953
150.722	22.1184	2.61265	1.73843	150.649	21.8148	150.825	22.0502	2.67111	1.33953
153.421	23.4934	2.76769	1.12535	153.422	23.4909	153.491	23.3999	2.66999	1.3647
153.403	23.4901	2.68664	1.11145	153.466	22.9115	153.491	23.3999	2.66999	1.3647
156.047	24.807	2.61193	1.45837	156.047	24.8084	156.159	24.7682	2.66666	1.37208
156.029	24.8044	2.4967	1.43672	156.009	25.0678	156.159	24.7682	2.66666	1.37208
158.901	26.0321	3.21728	1.09704	158.905	26.0308	158.827	26.1372	2.66127	1.36157
158.885	26.0295	2.99279	1.05708	159.014	26.1903	158.827	26.1372	2.66127	1.36157
161.416	27.4234	2.11072	1.60965	161.412	27.4256	161.493	27.4891	2.65371	1.33344
161.484	27.4355	2.38826	1.66237	161.529	27.8454	161.493	27.4891	2.65371	1.33344
163.628	28.7707	1.89878	1.09639	163.625	28.7683	164.155	28.8064	2.64354	1.28825
163.797	28.8013	2.47921	1.20675	164.116	29.315	164.155	28.8064	2.64354	1.28825
166.823	30.2046	3.54806	1.56479	166.828	30.2062	166.809	30.0721	2.63006	1.22694
166.69	30.1805	2.83946	1.43831	166.748	29.7121	166.809	30.0721	2.63006	1.22694
169.101	31.3737	1.99887	1.00297	169.097	31.3717	169.452	31.2706	2.61238	1.15075
169.19	31.389	2.45615	1.08828	169.345	30.7063	169.452	31.2706	2.61238	1.15075
172.17	32.3412	3.46761	0.880707	172.175	32.3404	172.079	32.3873	2.58945	1.06126
172.091	32.3264	2.94062	0.768925	172.135	32.6666	172.079	32.3873	2.58945	1.06126
174.646	33.4601	2.21184	1.37067	174.643	33.4625	174.685	33.4094	2.56021	0.960341
174.655	33.4621	2.33687	1.39766	174.474	33.9157	174.685	33.4094	2.56021	0.960341
177.03	34.2056	2.37939	0.287633	177.03	34.2009	177.261	34.3262	2.52363	0.850119
177.06	34.2111	2.47604	0.305127	177.211	33.8467	177.261	34.3262	2.52363	0.850119
180.139	35.1376	3.67504	1.38978	180.145	35.1423	179.799	35.1289	2.47883	0.732949
179.907	35.0921	2.64702	1.17297	179.543	35.4767	179.799	35.1289	2.47883	0.732949
182.599	35.7567	2.70942	0.310783	182.599	35.753	182.292	35.8114	2.42515	0.611338
182.501	35.7376	2.46757	0.263062	182.047	36.2626	182.292	35.8114	2.42515	0.611338
184.734	36.5119	2.03764	1.12076	184.732	36.5155	184.73	36.37	2.36226	0.487877
184.736	36.5121	2.03025	1.11903	184.833	36.1451	184.73	36.37	2.36226	0.487877
186.945	36.9453	2.34252	-0.0382168	186.946	36.9404	187.103	36.804	2.29017	0.365145
187.01	36.9581	2.46357	-0.0144912	187.296	36.9375	187.103	36.804	2.29017	0.365145
189.465	37.4019	2.46896	0.764092	189.465	37.4052	189.401	37.1147	2.20928	0.245623
189.454	37.3994	2.24224	0.721292	189.738	36.951	189.401	37.1147	2.20928	0.245623
191.735	37.567	2.29085	-0.217913	191.735	37.5631	191.615	37.3064	2.12038	0.131592
191.703	37.5605	2.20402	-0.235113	191.682	37.1147	191.615	37.3064	2.12038	0.131592
193.475	37.2794	1.3651	-0.333948	193.471	37.2789	193.738	37.3854	2.02462	0.0250453
193.567	37.2973	1.85923	-0.23864	193.555	37.4234	193.738	37.3854	2.02462	0.0250453
195.986	37.3964	2.9601	0.362268	195.991	37.3991	195.762	37.3598	1.92349	-0.072386
195.785	37.358	2.07224	0.195214	195.507	37.4891	195.762	37.3598	1.92349	-0.072386
197.726	37.7274	1.82518	0.484905	197.725	37.7285	197.683	37.2395	1.81869	-0.159495
197.691	37.7205	1.79319	0.47801	197.582	37.303	197.683	37.2395	1.81869	-0.159495
199.296	37.2928	1.3864	-1.07002	199.294	37.2862	199.497	37.0353	1.71212	-0.235529
199.353	37.3035	1.68859	-1.01445	199.356	37.3527	199.497	37.0353	1.71212	-0.235529
201.544	36.9921	2.69528	0.203549	201.549	36.9973	201.203	36.7587	1.6057	-0.300201
201.335	36.9534	1.8064	0.0400608	200.932	37.4694	201.203	36.7587	1.6057	-0.300201
202.964	36.4607	1.43881	-0.873214	202.962	36.4568	202.801	36.4213	1.50137	-0.353671
202.938	36.4565	1.41992	-0.876204	202.65	37.2445	202.801	36.4213	1.50137	-0.353671
203.994	36.1925	0.740885	0.147097	203.991	36.1967	204.294	36.0343	1.40095	-0.396497
204.044	36.2016	1.20466	0.221726	203.809	36.2941	204.294	36.0343	1.40095	-0.396497
