0	0	0	0	0	0	0	0	0	0	
0	0	0	0	0	0	0	0	0	0	
1.55941	-0.138498	1.5598	-0.138533	1.55944	-0.138501	2.09897	0.0522228	2.19595	0.109339	
1.60928	0.0467628	2.26818	0.0640293	1.81209	0.0474826	2.09897	0.0522228	2.19595	0.109339	
3.89077	-0.132607	2.29005	-0.265578	3.89093	-0.134166	4.29136	0.215312	2.28434	0.226323	
3.94133	0.0817702	2.39321	0.0262299	4.19528	0.218461	4.29136	0.215312	2.28434	0.226323	
6.85475	0.413407	3.39146	0.517788	6.86352	0.416818	6.56942	0.496096	2.36382	0.348847	
6.67986	0.432328	2.65746	0.491923	6.43926	0.472879	6.56942	0.496096	2.36382	0.348847	
9.0817	0.597203	2.16327	-0.0507127	9.07733	0.593211	8.92437	0.89924	2.43359	0.474526	
9.09163	0.6695	2.39424	0.102079	8.89749	0.886982	8.92437	0.89924	2.43359	0.474526	
11.5737	1.65608	2.58428	1.56664	11.5755	1.6669	11.3468	1.427	2.49328	0.600781	
11.5224	1.61725	2.37927	1.48173	11.4447	1.42958	11.3468	1.427	2.49328	0.600781	
13.5976	2.32152	1.77441	0.190777	13.5921	2.31191	13.827	2.07904	2.5429	0.724947	
13.6882	2.29649	2.30972	0.224372	13.6572	1.99915	13.827	2.07904	2.5429	0.724947	
16.6348	2.89803	3.53711	0.868253	16.6456	2.903	16.3554	2.85243	2.58284	0.844365	
16.4804	2.87225	2.87436	0.729694	16.282	2.84648	16.3554	2.85243	2.58284	0.844365	
19.0161	3.7046	2.23519	0.882019	19.0106	3.70555	18.923	3.74161	2.61382	0.95648	
19.087	3.72468	2.37044	0.918113	19.363	3.87122	18.923	3.74161	2.61382	0.95648	
21.3332	4.73111	2.13938	1.05589	21.3312	4.73205	21.5215	4.73855	2.63679	1.05891	
21.4294	4.74983	2.49997	1.13963	21.6213	4.74762	21.5215	4.73855	2.63679	1.05891	
24.0766	5.5733	2.76017	0.631366	24.0787	5.56968	24.1437	5.83295	2.65286	1.14952	
24.1849	5.6083	2.98736	0.700959	24.5601	5.92334	24.1437	5.83295	2.65286	1.14952	
26.6137	6.95394	1.97195	1.7191	26.6053	6.96102	26.7833	7.01246	2.6632	1.22647	
26.6703	6.9673	2.39186	1.84139	26.5419	6.90075	26.7833	7.01246	2.6632	1.22647	
29.5788	8.0958	3.31873	0.710629	29.5864	8.08789	29.4352	8.26299	2.66893	1.28822	
29.5263	8.08586	3.04928	0.63429	29.4716	8.24519	29.4352	8.26299	2.66893	1.28822	
31.9503	9.8672	1.95513	2.46715	31.9416	9.88017	32.0955	9.56901	2.67104	1.33358	
31.9346	9.85541	2.05906	2.49368	31.7928	9.49891	32.0955	9.56901	2.67104	1.33358	
34.6079	10.7176	3.08658	-0.134471	34.6157	10.6988	34.7608	10.9139	2.67035	1.3617	
34.6918	10.7464	3.19439	-0.0991122	35.0599	10.9953	34.7608	10.9139	2.67035	1.3617	
37.1503	12.0722	1.92735	2.17996	37.1404	12.0883	37.4287	12.2803	2.66736	1.37209	
37.264	12.1111	2.31571	2.31593	37.4973	12.2943	37.4287	12.2803	2.66736	1.37209	
40.318	13.477	3.62206	0.817725	40.3285	13.4666	40.0971	13.6505	2.66232	1.36458	
40.1866	13.4363	3.08935	0.632684	39.9009	13.6243	40.0971	13.6505	2.66232	1.36458	
42.7734	14.821	2.21245	1.82571	42.7664	14.8294	42.7638	15.0065	2.65515	1.33938	
42.7963	14.8318	2.47108	1.92704	42.5714	14.9817	42.7638	15.0065	2.65515	1.33938	
45.3561	16.5547	2.6188	1.59894	45.3572	16.5524	45.4265	16.3307	2.64546	1.297	
45.4026	16.5701	2.69481	1.62363	45.649	16.5213	45.4265	16.3307	2.64546	1.297	
48.1546	17.2943	2.7173	0.145787	48.1541	17.2835	48.0823	17.6063	2.6326	1.23832	
48.1506	17.2959	2.7986	0.181324	47.9331	17.5349	48.0823	17.6063	2.6326	1.23832	
50.6254	19.0534	2.3415	2.75075	50.6228	19.0721	50.7276	18.8172	2.61569	1.16454	
50.5765	19.0331	2.14689	2.67369	50.5737	18.7834	50.7276	18.8172	2.61569	1.16454	
53.7138	19.9184	3.83091	-0.182697	53.7268	19.8982	53.3577	19.9486	2.59372	1.07716	
53.6007	19.8765	3.27678	-0.387934	53.5277	19.862	53.3577	19.9486	2.59372	1.07716	
56.043	21.0743	1.86567	2.14865	56.0322	21.0923	55.9669	20.9874	2.56561	0.978022	
56.033	21.0704	1.96053	2.18537	55.867	20.985	55.9669	20.9874	2.56561	0.978022	
58.655	21.7988	3.05813	-0.155727	58.6632	21.7821	58.5483	21.9225	2.53033	0.869205	
58.6542	21.7998	3.06033	-0.152768	58.5799	21.9815	58.5483	21.9225	2.53033	0.869205	
60.8837	22.7753	1.61349	1.62898	60.8722	22.7876	61.0941	22.7449	2.48697	0.753031	
60.9226	22.7893	1.98652	1.76511	60.7648	22.6398	61.0941	22.7449	2.48697	0.753031	
63.3765	23.42	2.75252	-0.0617888	63.3821	23.4069	63.5955	23.4479	2.43482	0.631987	
63.4372	23.4436	2.76264	-0.0563656	63.7478	23.7442	63.5955	23.4479	2.43482	0.631987	
66.3371	23.9883	3.07797	0.948811	66.3403	23.9959	66.0431	24.0276	2.37349	0.508655	
66.1693	23.9278	2.3766	0.703022	65.8838	23.9541	66.0431	24.0276	2.37349	0.508655	
68.267	24.3619	1.828	0.233102	68.2621	24.3582	68.4273	24.4824	2.30293	0.385623	
68.4091	24.4133	2.34313	0.41527	68.6759	24.6059	68.4273	24.4824	2.30293	0.385623	
70.8262	24.8836	2.48713	0.51287	70.8275	24.8844	70.7385	24.8137	2.22347	0.265395	
70.7713	24.8636	2.26251	0.436004	70.7403	24.6728	70.7385	24.8137	2.22347	0.265395	
72.8954	24.7208	1.94948	-0.529613	72.8923	24.7135	72.9675	25.025	2.13584	0.150292	
72.979	24.7505	2.25702	-0.424783	73.0732	25.0343	72.9675	25.025	2.13584	0.150292	
75.0044	25.2486	1.90558	1.07249	75.0021	25.2595	75.1062	25.1224	2.04114	0.0423626	
74.9812	25.2404	1.81064	1.04092	74.9748	25.1378	75.1062	25.1224	2.04114	0.0423626	
77.1192	24.9453	2.30697	-1.12617	77.1225	24.9297	77.1475	25.1137	1.9408	-0.0566979	
77.1122	24.9443	2.15984	-1.16981	77.1386	25.2948	77.1475	25.1137	1.9408	-0.0566979	
79.1096	25.022	1.96368	0.86539	79.1089	25.0369	79.0861	25.0086	1.83649	-0.145607	
79.0743	25.0105	1.70359	0.788981	79.1718	24.9698	79.0861	25.0086	1.83649	-0.145607	
80.8083	24.8799	1.68266	-0.717457	80.8074	24.8688	80.9183	24.8178	1.73008	-0.223536	
80.8643	24.8966	1.77268	-0.689934	81.1423	24.8704	80.9183	24.8178	1.73008	-0.223536	
82.6212	24.6342	1.77845	0.00960939	82.6216	24.6393	82.6423	24.5525	1.6235	-0.29012	
82.5828	24.6233	1.58463	-0.0457958	82.5085	24.8114	82.6423	24.5525	1.6235	-0.29012	
84.1733	24.5507	1.59348	-0.0892109	84.1733	24.5504	84.2584	24.2245	1.51869	-0.345444	
84.1803	24.5519	1.59424	-0.0898888	84.2898	24.3312	84.2584	24.2245	1.51869	-0.345444	
85.6408	23.8159	1.29095	-1.15805	85.6378	23.808	85.7688	23.8451	1.41749	-0.390006	
85.7245	23.8386	1.56324	-1.08685	85.9743	23.7547	85.7688	23.8451	1.41749	-0.390006	
86.9494	23.5183	0.982587	0.140692	86.9449	23.527	87.1776	23.4252	1.32159	-0.424654	
87.0612	23.5477	1.14751	0.185346	87.6171	23.5127	87.1776	23.4252	1.32159	-0.424654	
88.814	22.7973	2.22208	-1.29857	88.8227	22.7869	88.4904	22.9745	1.23247	-0.450514	
88.6875	22.7651	1.71409	-1.4235	88.4191	22.9498	88.4904	22.9745	1.23247	-0.450514	
89.5101	22.2979	0.0969885	0.07334	89.4967	22.3082	89.7145	22.5017	1.15138	-0.468904	
89.6349	22.3296	0.625298	0.19968	89.7821	22.4826	89.7145	22.5017	1.15138	-0.468904	
90.5102	21.6775	1.03893	-1.17241	90.5133	21.6677	90.858	22.0141	1.07929	-0.481241	
90.6023	21.7009	1.2656	-1.11645	90.8419	22.0974	90.858	22.0141	1.07929	-0.481241	
91.7196	21.1092	1.02066	-0.270956	91.7178	21.1152	91.9302	21.5174	1.01698	-0.488963	
91.7761	21.1233	1.02608	-0.26552	92.0492	21.5289	91.9302	21.5174	1.01698	-0.488963	
92.8589	20.9525	1.13968	-0.107397	92.8599	20.9537	92.9411	21.016	0.964993	-0.493443	
92.9084	20.9637	1.05022	-0.123538	93.3186	21.0712	92.9411	21.016	0.964993	-0.493443	
93.4755	20.2233	0.0951879	-1.15872	93.4668	20.2155	93.9011	20.513	0.92369	-0.495918	
93.6316	20.2582	0.8081	-1.00902	93.7423	20.5071	93.9011	20.513	0.92369	-0.495918	
95.3082	19.6528	2.47995	-0.29836	95.3229	19.6585	94.8209	20.01	0.893308	-0.497439	
95.0098	19.5908	1.23573	-0.544741	94.494	19.8854	94.8209	20.01	0.893308	-0.497439	
95.5153	19.6915	-0.111269	0.461303	95.5039	19.6984	95.7116	19.5078	0.87398	-0.498816	
95.6129	19.7113	0.443853	0.569173	95.6097	19.5804	95.7116	19.5078	0.87398	-0.498816	
96.2618	19.1726	0.768572	-1.21996	96.264	19.1597	96.5842	19.0066	0.865773	-0.50059	
96.3218	19.1834	0.94792	-1.1878	96.559	18.8688	96.5842	19.0066	0.865773	-0.50059	
97.5237	18.7182	1.47062	0.000442128	97.5286	18.727	97.45	18.506	0.868716	-0.503009	
97.4439	18.7018	1.04408	-0.0750151	97.5333	18.1735	97.45	18.506	0.868716	-0.503009	
98.2152	18.3771	0.512571	-0.495151	98.2105	18.3739	98.3198	18.0049	0.882804	-0.506023	
98.2756	18.3876	0.758612	-0.451413	98.4162	18.1556	98.3198	18.0049	0.882804	-0.506023	
99.0368	17.3637	0.733118	-1.38073	99.0363	17.357	99.2049	17.503	0.908006	-0.509278	
99.0746	17.3703	1.03142	-1.33436	98.9782	17.2949	99.2049	17.503	0.908006	-0.509278	
99.9978	16.9773	0.873004	0.187613	99.9969	16.9882	100.117	17.0001	0.944242	-0.512134	
100.057	16.9869	0.873947	0.189247	100.441	16.9521	100.117	17.0001	0.944242	-0.512134	
101.2	16.544	1.3553	-0.822951	101.204	16.5368	101.066	16.497	0.991362	-0.513687	
101.157	16.5367	1.12287	-0.858731	101.169	16.4353	101.066	16.497	0.991362	-0.513687	
102.384	16.3908	1.35617	0.301977	102.387	16.3992	102.063	15.9949	1.04911	-0.512803	
102.277	16.3729	1.00837	0.248592	102.081	15.8359	102.063	15.9949	1.04911	-0.512803	
103.009	15.3679	0.426337	-1.79557	103.003	15.353	103.119	15.4967	1.11708	-0.508169	
103.064	15.3757	1.00328	-1.72116	102.776	15.1195	103.119	15.4967	1.11708	-0.508169	
104.112	15.2521	1.15707	0.8689	104.114	15.2708	104.244	15.0064	1.19469	-0.498349	
104.058	15.2434	1.05088	0.852092	103.905	14.7607	104.244	15.0064	1.19469	-0.498349	
105.535	14.4601	1.79435	-1.77902	105.541	14.4413	105.447	14.5293	1.28111	-0.481861	
105.45	14.4478	1.49806	-1.817	105.316	14.0026	105.447	14.5293	1.28111	-0.481861	
106.832	14.0319	1.33139	0.44679	106.831	14.0482	106.737	14.0724	1.37529	-0.457255	
106.776	14.025	1.29048	0.442329	106.439	14.2401	106.737	14.0724	1.37529	-0.457255	
108.084	13.6697	1.29208	-0.848267	108.084	13.6604	108.122	13.644	1.47592	-0.423202	
108.126	13.6751	1.51627	-0.822427	108.131	13.6844	108.122	13.644	1.47592	-0.423202	
109.536	13.5631	1.33924	0.323424	109.534	13.5714	109.606	13.2536	1.58144	-0.378583	
109.514	13.5598	1.37054	0.324673	109.388	13.1556	109.606	13.2536	1.58144	-0.378583	
111.061	12.5963	1.66135	-1.75324	111.063	12.5814	111.196	12.9118	1.69008	-0.322574	
111.143	12.6064	1.82881	-1.73277	111.426	12.9557	111.196	12.9118	1.69008	-0.322574	
112.913	12.4692	1.77121	0.846243	112.913	12.4877	112.893	12.6299	1.7999	-0.254723	
112.89	12.4673	1.69306	0.83871	112.797	12.8241	112.893	12.6299	1.7999	-0.254723	
114.798	12.5591	2.07793	-0.362129	114.801	12.5506	114.699	12.4195	1.90891	-0.175007	
114.787	12.5575	1.93294	-0.376351	114.916	12.3187	114.699	12.4195	1.90891	-0.175007	
116.688	12.1045	1.8682	-0.501436	116.687	12.1036	116.611	12.2921	2.01507	-0.0838683	
116.748	12.1106	2.09655	-0.479118	116.871	12.0659	116.611	12.2921	2.01507	-0.0838683	
118.951	11.9966	2.30952	0.114406	118.953	12.0009	118.628	12.2586	2.11647	0.0177712	
118.921	11.9942	2.16953	0.100741	118.85	12.4063	118.628	12.2586	2.11647	0.0177712	
120.701	12.2897	1.43458	0.403824	120.695	12.2918	120.743	12.3289	2.21139	0.128528	
120.812	12.3007	1.93807	0.45168	120.934	12.1905	120.743	12.3289	2.21139	0.128528	
123.555	12.8284	3.47513	0.598452	123.568	12.8297	122.95	12.5114	2.29835	0.246599	
123.356	12.8078	2.58321	0.502334	123.142	12.7694	122.95	12.5114	2.29835	0.246599	
124.911	12.781	0.607134	-0.384373	124.894	12.7743	125.242	12.8125	2.37624	0.369827	
125.208	12.812	2.05797	-0.233546	125.376	12.9964	125.242	12.8125	2.37624	0.369827	
127.843	13.3184	3.18064	0.980198	127.853	13.3273	127.609	13.2365	2.44434	0.495787	
127.707	13.3042	2.62971	0.923411	127.506	13.153	127.609	13.2365	2.44434	0.495787	
129.954	13.7026	1.88326	0.0631015	129.947	13.6963	130.042	13.7853	2.50232	0.621879	
130.071	13.715	2.28723	0.107012	130.334	13.781	130.042	13.7853	2.50232	0.621879	
132.096	14.4993	1.80795	1.19391	132.092	14.507	132.53	14.458	2.55028	0.74543	
132.222	14.5126	2.31641	1.25022	132.447	14.3423	132.53	14.458	2.55028	0.74543	
135.065	15.0554	3.29787	0.122934	135.073	15.0475	135.066	15.2513	2.58865	0.863795	
134.988	15.0466	2.79982	0.0678429	135.127	14.6575	135.066	15.2513	2.58865	0.863795	
137.564	16.2022	2.4065	1.81965	137.561	16.2147	137.639	16.1592	2.61821	0.974442	
137.614	16.2085	2.6151	1.84848	137.653	16.5145	137.639	16.1592	2.61821	0.974442	
140.33	17.02	2.77158	0.17441	140.331	17.008	140.242	17.1733	2.63994	1.07503	
140.346	17.0227	2.83941	0.184402	140.305	17.5379	140.242	17.1733	2.63994	1.07503	
142.893	17.983	2.30966	1.42927	142.888	17.9918	142.868	18.2829	2.65497	1.16346	
142.895	17.9835	2.53568	1.45971	142.626	18.1458	142.868	18.2829	2.65497	1.16346	
145.393	19.1649	2.45247	1.00796	145.392	19.1617	145.51	19.4754	2.66445	1.23795	
145.496	19.1788	2.7374	1.04726	145.789	19.3785	145.51	19.4754	2.66445	1.23795	
148.25	20.4725	2.78035	1.44688	148.251	20.4754	148.163	20.7364	2.66951	1.29702	
148.223	20.4691	2.63888	1.42587	148.146	20.9376	148.163	20.7364	2.66951	1.29702	
150.689	22.1118	2.31866	1.76997	150.686	22.1142	150.825	22.0502	2.67111	1.33953	
150.722	22.1164	2.60053	1.81227	150.649	21.8148	150.825	22.0502	2.67111	1.33953	
153.421	23.4958	2.76845	1.11541	153.422	23.4909	153.491	23.3999	2.66999	1.3647	
153.402	23.4925	2.68874	1.10204	153.466	22.9115	153.491	23.3999	2.66999	1.3647	
156.047	24.806	2.61454	1.44273	156.047	24.8084	156.159	24.7682	2.66666	1.37208	
156.029	24.8035	2.50031	1.42248	156.009	25.0678	156.159	24.7682	2.66666	1.37208	
158.899	26.0327	3.19375	1.12635	158.905	26.0308	158.827	26.1372	2.66127	1.36157	
158.884	26.0305	2.98482	1.09021	159.014	26.1903	158.827	26.1372	2.66127	1.36157	
161.419	27.4224	2.14231	1.55802	161.412	27.4256	161.493	27.4891	2.65371	1.33344	
161.484	27.4341	2.40142	1.60581	161.529	27.8454	161.493	27.4891	2.65371	1.33344	
163.63	28.7716	1.90094	1.15803	163.625	28.7683	164.155	28.8064	2.64354	1.28825	
163.797	28.8019	2.46703	1.26351	164.116	29.315	164.155	28.8064	2.64354	1.28825	
166.819	30.2041	3.52764	1.51688	166.828	30.2062	166.809	30.0721	2.63006	1.22694	
166.689	30.1806	2.84694	1.39531	166.748	29.7121	166.809	30.0721	2.63006	1.22694	
169.105	31.3745	2.01626	1.04626	169.097	31.3717	169.452	31.2706	2.61238	1.15075	
169.19	31.3893	2.4512	1.12629	169.345	30.7063	169.452	31.2706	2.61238	1.15075	
172.167	32.342	3.44169	0.871926	172.175	32.3404	172.079	32.3873	2.58945	1.06126	
172.09	32.3279	2.93887	0.769278	172.135	32.6666	172.079	32.3873	2.58945	1.06126	
174.649	33.4586	2.23618	1.33566	174.643	33.4625	174.685	33.4094	2.56021	0.960341	
174.655	33.4602	2.34768	1.35916	174.474	33.9157	174.685	33.4094	2.56021	0.960341	
177.03	34.2081	2.36563	0.367806	177.03	34.2009	177.261	34.3262	2.52363	0.850119	
177.06	34.2135	2.46008	0.385067	177.211	33.8467	177.261	34.3262	2.52363	0.850119	
180.135	35.1354	3.65673	1.29045	180.145	35.1423	179.799	35.1289	2.47883	0.732949	
179.907	35.0909	2.66449	1.08593	179.543	35.4767	179.799	35.1289	2.47883	0.732949	
182.599	35.7579	2.69352	0.406919	182.599	35.753	182.292	35.8114	2.42515	0.611338	
182.501	35.7388	2.4517	0.359284	182.047	36.2626	182.292	35.8114	2.42515	0.611338	
184.735	36.5108	2.06214	1.01761	184.732	36.5155	184.73	36.37	2.36226	0.487877	
184.737	36.5109	2.05199	1.01532	184.833	36.1451	184.73	36.37	2.36226	0.487877	
186.944	36.9471	2.31453	0.0832327	186.946	36.9404	187.103	36.804	2.29017	0.365145	
187.01	36.96	2.43744	0.10735	187.296	36.9375	187.103	36.804	2.29017	0.365145	
189.465	37.4012	2.48861	0.650633	189.465	37.4052	189.401	37.1147	2.20928	0.245623	
189.454	37.3988	2.2667	0.608132	189.738	36.951	189.401	37.1147	2.20928	0.245623	
191.735	37.5682	2.27054	-0.103623	191.735	37.5631	191.615	37.3064	2.12038	0.131592	
191.703	37.5616	2.18302	-0.12097	191.682	37.1147	191.615	37.3064	2.12038	0.131592	
193.478	37.2812	1.39972	-0.402552	193.471	37.2789	193.738	37.3854	2.02462	0.0250453	
193.567	37.2985	1.87365	-0.311009	193.555	37.4234	193.738	37.3854	2.02462	0.0250453	
195.982	37.3938	2.92373	0.378748	195.991	37.3991	195.762	37.3598	1.92349	-0.072386	
195.785	37.3562	2.06829	0.216779	195.507	37.4891	195.762	37.3598	1.92349	-0.072386	
197.727	37.7269	1.83513	0.45976	197.725	37.7285	197.683	37.2395	1.81869	-0.159495	
197.691	37.7199	1.79958	0.45238	197.582	37.303	197.683	37.2395	1.81869	-0.159495	
199.298	37.2966	1.38644	-0.979856	199.294	37.2862	199.497	37.0353	1.71212	-0.235529	
199.353	37.3069	1.67355	-0.926684	199.356	37.3527	199.497	37.0353	1.71212	-0.235529	
201.54	36.9897	2.68202	0.0903204	201.549	36.9973	201.203	36.7587	1.6057	-0.300201	
201.335	36.9518	1.82602	-0.0677149	200.932	37.4694	201.203	36.7587	1.6057	-0.300201	
202.966	36.462	1.4331	-0.76337	202.962	36.4568	202.801	36.4213	1.50137	-0.353671	
202.938	36.4574	1.40442	-0.768043	202.65	37.2445	202.801	36.4213	1.50137	-0.353671	
203.996	36.1911	0.771744	0.0281492	203.991	36.1967	204.294	36.0343	1.40095	-0.396497	
204.045	36.2	1.22281	0.10342	203.809	36.2941	204.294	36.0343	1.40095	-0.396497	
