8.46292	0.243462	-3.03909	-0.087429	8.46292	0.243462	8.6	0.25	-3.00029	0	
8.44779	0.251517	-1.08455	0.0900953	8.44818	0.251553	8.45	0.25	-3.00027	0	
8.50767	0.23986	-0.000532014	-0.257801	8.56759	0.241943	8.45	0.25	0	0	
8.49014	0.240629	-0.012027	0.0209835	8.45582	0.253997	8.45	0.25	0	0	
8.4046	0.253212	-1.47252	0.110112	8.42544	0.254042	8.35	0.25	-1.81979	0	
8.30625	0.258556	-1.48061	0.107876	8.23962	0.24916	8.25	0.25	-1.81978	0	
8.07698	0.201235	-3.29594	-0.412358	7.93286	0.188391	8.05	0.2	-3.99976	-0.99994	
7.90117	0.18008	-3.30283	-0.415169	7.84073	0.159858	7.85	0.15	-3.99972	-0.99993	
7.72355	0.158226	-3.23963	-0.420473	7.61269	0.155818	7.7	0.15	-2.99982	0	
7.55893	0.137474	-3.24182	-0.416883	7.54016	0.159641	7.55	0.15	-2.99982	0	
7.46217	0.0969698	-2.1859	-0.56454	7.50815	0.0953827	7.45	0.100001	-1.8165	-0.908239	
7.34188	0.065399	-2.18579	-0.570025	7.3426	0.0345312	7.35	0.0500011	-1.81648	-0.90823	
7.1873	0.00796218	-2.66449	-0.793807	7.20598	0.00492725	7.2	9.49949e-07	-2.72851	-0.909507	
7.04215	-0.0359485	-2.66284	-0.796941	7.05406	-0.0533413	7.05	-0.0499992	-2.72849	-0.909499	
6.93348	-0.139745	-1.90701	-1.323	6.74585	-0.143185	6.95	-0.15	-1.81898	-1.81898	
6.83073	-0.213178	-1.90438	-1.3309	6.84972	-0.258748	6.85	-0.25	-1.81896	-1.81897	
6.71554	-0.341234	-2.0727	-1.88494	6.66966	-0.346668	6.75	-0.349999	-2.00076	-2.00075	
6.61482	-0.435931	-2.0692	-1.88936	6.64329	-0.462604	6.65	-0.449999	-2.00076	-2.00075	
6.57562	-0.552448	-1.24542	-2.11188	6.60862	-0.557035	6.6	-0.549999	-0.998836	-1.99769	
6.51714	-0.658402	-1.2402	-2.1117	6.56029	-0.650892	6.55	-0.65	-0.99884	-1.99769	
6.46913	-0.843244	-0.838307	-2.75919	6.40696	-0.842921	6.5	-0.85	-0.908747	-3.63498	
6.42644	-0.996267	-0.834232	-2.76928	6.45805	-1.05268	6.45	-1.05	-0.908739	-3.63494	
6.32918	-1.14587	-1.54873	-2.70061	6.38626	-1.15695	6.35	-1.15	-1.81897	-1.81898	
6.24431	-1.29378	-1.54707	-2.69359	6.25499	-1.25007	6.25	-1.25	-1.81896	-1.81896	
6.33214	-1.46011	0.52813	-2.98534	6.43125	-1.48148	6.3	-1.45	0.909739	-3.63894	
6.36186	-1.62479	0.52813	-2.99074	6.36328	-1.65656	6.35	-1.65	0.909727	-3.63891	
6.28695	-1.7975	-0.732823	-3.10001	6.3228	-1.81431	6.3	-1.8	-0.999494	-2.9985	
6.24997	-1.95247	-0.733236	-3.09966	6.24641	-1.95075	6.25	-1.95	-0.999489	-2.99847	
6.30414	-2.1084	0.404372	-3.21183	6.31851	-2.10969	6.3	-2.1	0.999984	-2.99994	
6.32527	-2.26887	0.407099	-3.2077	6.34644	-2.23829	6.35	-2.25	0.999979	-2.99994	
6.3213	-2.40267	0.0119267	-2.76184	6.32593	-2.40018	6.35	-2.4	0	-2.72613	
6.32379	-2.55518	0.0153879	-2.76157	6.34927	-2.55175	6.35	-2.55	0	-2.72611	
6.38454	-2.70209	0.693926	-2.78286	6.43125	-2.71878	6.4	-2.7	0.909499	-2.72851	
6.42306	-2.855	0.695407	-2.78077	6.43257	-2.84245	6.45	-2.85	0.909503	-2.72851	
6.43653	-2.99032	0.40381	-2.69982	6.46536	-3.00452	6.45	-3	0	-2.99754	
6.45633	-3.12564	0.401649	-2.70338	6.44119	-3.14955	6.45	-3.15	0	-2.99754	
6.50504	-3.30855	0.768906	-3.07552	6.52249	-3.32007	6.5	-3.3	0.910402	-2.7312	
6.54662	-3.47683	0.769075	-3.07212	6.5453	-3.45745	6.55	-3.45	0.910402	-2.7312	
6.64644	-3.6066	1.4038	-2.80778	6.6358	-3.59197	6.65	-3.6	1.81722	-2.72583	
6.72585	-3.76189	1.40887	-2.80635	6.76011	-3.75457	6.75	-3.75	1.81721	-2.72581	
6.78809	-3.90047	1.153	-2.59914	6.83625	-3.92723	6.8	-3.9	0.907988	-2.72396	
6.85252	-4.0443	1.1538	-2.60155	6.85997	-4.05805	6.85	-4.05	0.907976	-2.72393	
6.89841	-4.19948	1.00338	-2.70117	6.86943	-4.18507	6.9	-4.2	0.909334	-2.72801	
6.95285	-4.34761	1.00204	-2.70074	6.94332	-4.34473	6.95	-4.35	0.90933	-2.72799	
6.99065	-4.46145	0.676416	-2.29727	7.05156	-4.49706	7	-4.45	0.910054	-1.8201	
7.02756	-4.58668	0.679399	-2.2904	7.04099	-4.55018	7.05	-4.55	0.910054	-1.8201	
7.10802	-4.69027	1.13424	-2.17067	7.10252	-4.67934	7.1	-4.7	0.908302	-2.72489	
7.17051	-4.81103	1.12931	-2.18029	7.14735	-4.86125	7.15	-4.85	0.908297	-2.72489	
7.25652	-5.00464	1.4972	-2.90495	7.31379	-5.05204	7.25	-5	1.81907	-2.72861	
7.33645	-5.16293	1.49245	-2.90393	7.30424	-5.15404	7.35	-5.15	1.81907	-2.72861	
7.38652	-5.30022	1.17886	-2.68098	7.29446	-5.23429	7.4	-5.3	0.908194	-2.7246	
7.45133	-5.44792	1.17807	-2.68203	7.44737	-5.45308	7.45	-5.45	0.90819	-2.72457	
7.54752	-5.56558	1.38183	-2.40712	7.63082	-5.61863	7.55	-5.55	1.81974	-1.81974	
7.62377	-5.69713	1.38611	-2.40085	7.64356	-5.66706	7.65	-5.65	1.81972	-1.81972	
7.68873	-5.81327	1.31359	-2.2873	7.60376	-5.74774	7.7	-5.8	0.90983	-2.72951	
7.75977	-5.93884	1.30885	-2.29088	7.7342	-5.95374	7.75	-5.95	0.909826	-2.72948	
7.86945	-6.10258	1.95586	-2.91112	7.82165	-6.06822	7.85	-6.1	1.9986	-2.9979	
7.96659	-6.24774	1.9546	-2.91063	7.95703	-6.24328	7.95	-6.25	1.99858	-2.99787	
8.06136	-6.36495	1.59148	-2.36731	8.17338	-6.44684	8.05	-6.35	1.81738	-1.81739	
8.14837	-6.49359	1.595	-2.3591	8.15891	-6.45335	8.15	-6.45	1.81737	-1.81737	
8.20923	-6.61495	1.40695	-2.30789	8.08628	-6.51855	8.2	-6.6	0.909293	-2.72787	
8.2849	-6.74124	1.40135	-2.31037	8.25411	-6.74791	8.25	-6.75	0.909293	-2.72787	
8.36093	-6.86708	1.49347	-2.38273	8.25647	-6.78122	8.35	-6.85	1.81994	-1.81993	
8.44201	-6.99617	1.49573	-2.37507	8.44494	-6.95805	8.45	-6.95	1.81993	-1.81993	
8.50079	-7.10602	1.40917	-2.33613	8.39359	-7.01743	8.5	-7.1	1.00006	-3.00018	
8.57062	-7.22321	1.40487	-2.34073	8.54925	-7.24433	8.55	-7.25	1.00006	-3.00018	
8.65933	-7.39437	1.76221	-2.93886	8.64403	-7.39047	8.65	-7.4	1.99807	-2.99712	
8.7469	-7.54117	1.76037	-2.9395	8.73559	-7.5421	8.75	-7.55	1.99808	-2.99712	
8.79898	-7.65723	1.07782	-2.29701	8.87176	-7.71912	8.8	-7.65	0.909955	-1.8199	
8.85678	-7.78172	1.07722	-2.29219	8.84538	-7.75497	8.85	-7.75	0.909946	-1.81988	
8.92327	-7.91917	1.30933	-2.58347	8.88333	-7.88636	8.9	-7.9	0.999086	-2.9973	
8.98697	-8.04722	1.30524	-2.58306	8.95966	-8.0381	8.95	-8.05	0.999095	-2.9973	
9.00684	-8.14862	0.792487	-2.16398	8.8564	-8.01424	9	-8.15	0.909309	-1.8186	
9.05029	-8.26659	0.79544	-2.15879	9.05896	-8.24314	9.05	-8.25	0.909301	-1.81859	
9.12182	-8.41607	1.18247	-2.60682	9.17781	-8.47056	9.1	-8.4	1.0004	-3.00119	
9.1795	-8.5458	1.17777	-2.6087	9.15332	-8.54857	9.15	-8.55	1.00038	-3.00117	
9.20896	-8.66767	0.727579	-2.26893	9.22922	-8.6898	9.2	-8.65	0.909508	-1.819	
9.2482	-8.79107	0.728453	-2.26447	9.24541	-8.76863	9.25	-8.75	0.9095	-1.81899	
9.3754	-9.0019	1.92465	-3.48815	9.37748	-9.00609	9.35	-8.95	1.99965	-3.99928	
9.46979	-9.17456	1.92186	-3.48539	9.44703	-9.15328	9.45	-9.15	1.99964	-3.99928	
9.50949	-9.27121	1.12425	-2.54597	9.50096	-9.25642	9.5	-9.25	0.999584	-1.99917	
9.56338	-9.39558	1.12303	-2.53907	9.54157	-9.35195	9.55	-9.35	0.999584	-1.99917	
9.5799	-9.51925	0.807349	-2.4805	9.47534	-9.42627	9.55	-9.5	0	-3.00023	
9.61664	-9.64196	0.794411	-2.48595	9.54779	-9.64959	9.55	-9.65	0	-3.0002	
9.65325	-9.82035	0.876682	-2.97506	9.69942	-9.88416	9.6	-9.8	0.999005	-2.997	
9.69372	-9.96627	0.869989	-2.97192	9.64606	-9.9341	9.65	-9.95	0.998995	-2.997	
9.70839	-10.0799	0.49134	-2.4722	9.60087	-9.96395	9.7	-10.05	0.909855	-1.81969	
9.73393	-10.2116	0.497428	-2.4569	9.73801	-10.1396	9.75	-10.15	0.909847	-1.81969	
9.7927	-10.3414	0.725394	-2.49886	9.92627	-10.4745	9.75	-10.3	0	-3.00065	
9.82521	-10.4652	0.710975	-2.50519	9.75524	-10.4732	9.75	-10.45	0	-3.00063	
9.84312	-10.6293	0.703814	-2.82994	9.71825	-10.5087	9.8	-10.6	0.90817	-2.72451	
9.8795	-10.7826	0.699819	-2.82571	9.85048	-10.7526	9.85	-10.75	0.908161	-2.72448	
9.8778	-10.9225	0.261991	-2.53887	9.88465	-10.9383	9.85	-10.9	0	-2.73074	
9.88868	-11.0596	0.251626	-2.53887	9.83614	-11.041	9.85	-11.05	0	-2.73073	
9.88606	-11.2101	0.218837	-2.77725	9.83952	-11.1692	9.85	-11.2	0	-2.99965	
9.89431	-11.348	0.208654	-2.78102	9.84568	-11.3496	9.85	-11.35	0	-2.99961	
9.86781	-11.5241	-0.0476126	-3.02402	9.87961	-11.5637	9.85	-11.5	0	-2.99843	
9.8628	-11.6721	-0.0507368	-3.01833	9.83206	-11.6307	9.85	-11.65	0	-2.99843	
9.79875	-11.777	-0.833844	-2.26561	9.85311	-11.8523	9.8	-11.75	-1.0003	-2.00061	
9.75578	-11.8874	-0.831777	-2.25792	9.74928	-11.8442	9.75	-11.85	-1.00029	-2.00059	
9.73405	-12.0187	-0.550748	-2.56353	9.69694	-11.9706	9.7	-12	-1.0004	-3.00119	
9.7039	-12.146	-0.561723	-2.56788	9.65354	-12.1497	9.65	-12.15	-1.00039	-3.00116	
9.63757	-12.2717	-1.01258	-2.30247	9.72311	-12.3964	9.6	-12.25	-0.999885	-1.99981	
9.58429	-12.3838	-1.01742	-2.29841	9.54859	-12.3478	9.55	-12.35	-0.999884	-1.99979	
9.47019	-12.4747	-1.59781	-1.92347	9.39039	-12.3902	9.45	-12.45	-1.99803	-1.99805	
9.38839	-12.5692	-1.60229	-1.92195	9.36086	-12.5501	9.35	-12.55	-1.99804	-1.99804	
9.32153	-12.6852	-1.3999	-2.07573	9.34456	-12.7106	9.3	-12.65	-0.909773	-1.81953	
9.24275	-12.7965	-1.40214	-2.07031	9.22134	-12.7613	9.25	-12.75	-0.909773	-1.81954	
9.07817	-12.8651	-2.4108	-1.29238	9.15326	-13.0031	9.05	-12.85	-3.99257	-1.99629	
8.95202	-12.9293	-2.4383	-1.30483	8.84161	-12.9519	8.85	-12.95	-3.99253	-1.99627	
8.77488	-13.022	-2.6994	-1.47274	8.71632	-12.9613	8.75	-13	-1.8213	-0.910651	
8.62753	-13.0996	-2.6855	-1.45887	8.66358	-13.0431	8.65	-13.05	-1.8213	-0.910651	
8.50584	-13.1286	-2.73207	-0.96704	8.54518	-13.1702	8.5	-13.1	-2.997	-0.999005	
8.36818	-13.1754	-2.733	-0.964284	8.35763	-13.1557	8.35	-13.15	-2.997	-0.998995	
8.21751	-13.1686	-2.9151	-0.283589	8.22926	-13.1698	8.2	-13.15	-2.72741	0	
8.05559	-13.1816	-2.91771	-0.279281	8.03583	-13.1513	8.05	-13.15	-2.72742	0	
7.89831	-13.1753	-2.88041	-0.163934	7.82914	-13.0525	7.9	-13.15	-2.72986	0	
7.74094	-13.1834	-2.87256	-0.158636	7.76538	-13.1647	7.75	-13.15	-2.72986	0	
7.62306	-13.2405	-2.56934	-0.715012	7.66145	-13.3079	7.6	-13.2	-2.9979	-0.999304	
7.49193	-13.2738	-2.57831	-0.714174	7.44786	-13.2517	7.45	-13.25	-2.9979	-0.999304	
7.30627	-13.2621	-2.98207	-0.167547	7.21107	-13.0985	7.3	-13.25	-2.72846	0	
7.1426	-13.2693	-2.97524	-0.160782	7.16011	-13.2382	7.15	-13.25	-2.72844	0	
6.98942	-13.182	-3.13734	0.735597	6.88472	-12.9588	7	-13.2	-2.99784	0.999284	
6.83322	-13.1458	-3.13387	0.735951	6.84891	-13.1493	6.85	-13.15	-2.99784	0.999284	
6.69753	-13.1042	-2.90998	0.786194	6.77424	-13.2337	6.7	-13.1	-2.72787	0.909275	
6.53854	-13.0618	-2.90541	0.786328	6.55759	-13.0679	6.55	-13.05	-2.72787	0.909284	
6.39399	-13.0621	-2.68801	0.259376	6.40137	-13.0799	6.4	-13.05	-2.72678	0	
6.24691	-13.0485	-2.68443	0.259404	6.26174	-13.0534	6.25	-13.05	-2.72678	0	
6.09613	-13.0024	-2.78639	0.643972	6.10143	-13.0076	6.1	-13	-2.72966	0.909888	
5.94268	-12.9657	-2.78552	0.646747	5.94198	-12.9494	5.95	-12.95	-2.72963	0.90988	
5.7893	-12.8427	-3.10027	1.75186	5.79854	-12.8478	5.8	-12.85	-2.99777	1.99851	
5.63454	-12.754	-3.09536	1.75535	5.65107	-12.7365	5.65	-12.75	-2.99778	1.99852	
5.53975	-12.6883	-2.38094	1.095	5.50547	-12.5721	5.55	-12.7	-1.81798	0.908995	
5.41038	-12.6303	-2.37503	1.09286	5.43839	-12.652	5.45	-12.65	-1.81799	0.908995	
5.2801	-12.5059	-2.49756	1.83249	5.27506	-12.4782	5.3	-12.55	-2.72627	1.81753	
5.14322	-12.4095	-2.50401	1.82215	5.1307	-12.4684	5.15	-12.45	-2.72625	1.8175	
5.02044	-12.3263	-2.3775	1.64503	5.04446	-12.3808	5.05	-12.35	-1.8199	1.81989	
4.8916	-12.2376	-2.36835	1.6448	4.92985	-12.2499	4.95	-12.25	-1.81991	1.8199	
4.79394	-12.1133	-2.23646	1.97882	4.75061	-11.9803	4.85	-12.15	-1.99928	1.99929	
4.68566	-12.0193	-2.22199	1.9749	4.75915	-12.0666	4.75	-12.05	-1.99928	1.99928	
4.64945	-11.8662	-1.64954	2.38816	4.69113	-11.9084	4.7	-11.9	-0.908236	2.72471	
4.56194	-11.7368	-1.62964	2.39048	4.64378	-11.7442	4.65	-11.75	-0.908231	2.7247	
4.57515	-11.6168	-0.800984	2.05644	4.59746	-11.6205	4.6	-11.65	-0.909847	1.81971	
4.53293	-11.5089	-0.79938	2.0474	4.54975	-11.5706	4.55	-11.55	-0.909843	1.81969	
4.44586	-11.2932	-1.41944	3.57763	4.47442	-11.3673	4.5	-11.35	-1.0008	4.0032	
4.37775	-11.1181	-1.40691	3.57546	4.44059	-11.1496	4.45	-11.15	-1.0008	4.00321	
4.41375	-11.0066	-0.324834	2.31232	4.43713	-11.024	4.45	-11.05	0	1.81614	
4.39869	-10.8839	-0.314108	2.30725	4.45136	-10.93	4.45	-10.95	0	1.81612	
4.41302	-10.7242	-0.14773	2.70206	4.44745	-10.786	4.45	-10.8	0	2.72555	
4.40804	-10.5814	-0.13823	2.69394	4.45788	-10.6457	4.45	-10.65	0	2.72554	
4.40789	-10.4454	-0.108409	2.66616	4.46329	-10.5756	4.45	-10.5	0	2.729	
4.40404	-10.3024	-0.101151	2.66194	4.44057	-10.3382	4.45	-10.35	0	2.72898	
4.46755	-10.1492	0.417251	2.69241	4.51895	-10.2367	4.5	-10.2	0.908962	2.72687	
4.49342	-10.0054	0.428779	2.6885	4.54925	-10.0439	4.55	-10.05	0.908954	2.72685	
4.56658	-9.84919	0.771786	2.81054	4.63224	-9.9707	4.6	-9.9	0.909756	2.72927	
4.61118	-9.69917	0.776249	2.80371	4.63755	-9.74952	4.65	-9.75	0.909752	2.72926	
4.65123	-9.52553	0.757826	2.94302	4.60757	-9.4335	4.7	-9.6	0.90859	2.72578	
4.697	-9.3715	0.766066	2.93091	4.74589	-9.4609	4.75	-9.45	0.908586	2.72576	
4.8027	-9.23837	1.29865	2.6317	4.89179	-9.39473	4.85	-9.3	1.81967	2.72952	
4.87786	-9.09854	1.31292	2.62819	4.94849	-9.13867	4.95	-9.15	1.81967	2.72951	
4.96264	-8.9848	1.53261	2.3602	4.95209	-8.96272	5	-9.05	0.999884	1.99977	
5.04139	-8.87218	1.53095	2.34949	5.04121	-8.94979	5.05	-8.95	0.999874	1.99974	
5.12766	-8.75135	1.48877	2.3883	5.20806	-8.88942	5.15	-8.8	1.81805	2.72708	
5.2122	-8.62245	1.5002	2.38853	5.26887	-8.63564	5.25	-8.65	1.81803	2.72705	
5.33926	-8.51704	1.9816	2.15981	5.3785	-8.56768	5.35	-8.55	1.99956	1.99957	
5.43922	-8.41041	1.98298	2.15779	5.44864	-8.42738	5.45	-8.45	1.99954	1.99954	
5.50052	-8.33119	1.56018	1.93056	5.56465	-8.44845	5.5	-8.35	0.909045	1.81807	
5.5849	-8.2249	1.55033	1.92572	5.53862	-8.24357	5.55	-8.25	0.909045	1.81808	
5.68999	-8.09268	1.71907	2.10403	5.64921	-8.02513	5.7	-8.1	2.72608	2.72608	
5.78678	-7.97745	1.73242	2.11005	5.85094	-7.95601	5.85	-7.95	2.72606	2.72606	
5.92759	-7.84435	2.13075	2.18619	5.93492	-7.84119	5.95	-7.85	1.81801	1.81801	
6.04577	-7.72518	2.13329	2.1851	6.05986	-7.73559	6.05	-7.75	1.81802	1.81801	
6.13817	-7.62489	1.93522	2.0345	6.13741	-7.63243	6.15	-7.65	1.81798	1.81798	
6.24603	-7.51503	1.93653	2.03031	6.25659	-7.54336	6.25	-7.55	1.81798	1.81798	
6.35562	-7.41972	1.97114	1.89394	6.39143	-7.46358	6.35	-7.45	1.82027	1.82027	
6.46474	-7.31799	1.96738	1.88571	6.452	-7.36418	6.45	-7.35	1.82025	1.82025	
6.59401	-7.22897	2.40815	1.62366	6.47916	-7.09783	6.6	-7.25	2.99862	1.99908	
6.71635	-7.14887	2.41488	1.62562	6.7556	-7.14598	6.75	-7.15	2.99862	1.99908	
6.78397	-7.02659	1.74314	2.04065	6.68682	-6.93297	6.8	-7.05	0.908005	1.816	
6.88009	-6.91541	1.73917	2.0346	6.86356	-6.94732	6.85	-6.95	0.908	1.81601	
7.01586	-6.85414	2.21014	1.4876	7.08741	-6.92602	7	-6.85	2.72856	1.81904	
7.13779	-6.77188	2.21435	1.49204	7.15695	-6.75136	7.15	-6.75	2.72854	1.81902	
7.24899	-6.64725	1.95393	1.98919	7.29976	-6.68807	7.25	-6.65	1.8202	1.8202	
7.35692	-6.53901	1.95293	1.98532	7.35505	-6.56058	7.35	-6.55	1.82018	1.82018	
7.51058	-6.51136	2.6971	1.15905	7.53544	-6.5372	7.5	-6.5	2.99964	0.999884	
7.64636	-6.4542	2.69851	1.15791	7.65664	-6.46417	7.65	-6.45	2.99964	0.999884	
7.74428	-6.3939	2.2185	1.19903	7.67559	-6.34628	7.75	-6.4	1.81709	0.908549	
7.8664	-6.32887	2.21495	1.19307	7.85193	-6.35845	7.85	-6.35	1.81709	0.908545	
7.99466	-6.25668	2.23411	1.27016	8.03231	-6.28406	8	-6.25	2.72931	1.81954	
8.11751	-6.18562	2.23906	1.2785	8.13749	-6.14586	8.15	-6.15	2.72928	1.81952	
8.23632	-6.0496	2.17733	1.92384	8.21488	-6.01843	8.25	-6.05	1.99977	1.99976	
8.3445	-5.95289	2.1762	1.92449	8.33626	-5.94674	8.35	-5.95	1.99977	1.99976	
8.50584	-5.89188	2.76252	1.39453	8.50318	-5.89335	8.5	-5.9	2.72796	0.909326	
8.65903	-5.81717	2.76091	1.38584	8.65894	-5.86309	8.65	-5.85	2.72796	0.909321	
8.7505	-5.72489	2.01951	1.69149	8.77185	-5.74314	8.75	-5.75	1.81776	1.81775	
8.86142	-5.63209	2.01791	1.68906	8.85444	-5.64273	8.85	-5.65	1.81774	1.81773	
8.95551	-5.55722	1.89262	1.65958	9.02394	-5.6024	8.95	-5.55	1.99657	1.99656	
9.04984	-5.47337	1.89341	1.6631	9.05088	-5.45385	9.05	-5.45	1.99654	1.99655	
9.201	-5.39386	2.63354	1.34559	9.04088	-5.29691	9.2	-5.4	2.72728	0.909094	
9.34576	-5.32001	2.63273	1.3442	9.34223	-5.32623	9.35	-5.35	2.72727	0.90909	
9.42262	-5.22773	1.82986	1.64173	9.39579	-5.21659	9.45	-5.25	1.81816	1.81815	
9.52513	-5.1379	1.83478	1.64429	9.55303	-5.13194	9.55	-5.15	1.81813	1.81813	
9.61726	-5.07128	1.65213	1.52928	9.75019	-5.14652	9.65	-5.05	1.82036	1.82036	
9.71024	-4.98632	1.66225	1.54322	9.7586	-4.93134	9.75	-4.95	1.82036	1.82037	
9.83068	-4.83963	1.79494	2.04666	9.9198	-4.86941	9.85	-4.85	1.81578	1.81577	
9.93176	-4.72807	1.7985	2.04454	9.95641	-4.74358	9.95	-4.75	1.81575	1.81575	
10.0311	-4.56966	1.74714	2.41345	10.0029	-4.54771	10.05	-4.6	1.82039	2.7306	
10.1285	-4.43789	1.74905	2.41128	10.1428	-4.45119	10.15	-4.45	1.8204	2.7306	
10.2283	-4.28292	1.78297	2.57474	10.1981	-4.26556	10.25	-4.3	1.81769	2.72652	
10.3295	-4.14273	1.78796	2.57187	10.3644	-4.16342	10.35	-4.15	1.81768	2.7265	
10.4555	-4.0583	2.07634	2.11609	10.5985	-4.12247	10.45	-4.05	1.81792	1.81792	
10.5677	-3.94151	2.07201	2.11401	10.5415	-3.9454	10.55	-3.95	1.8179	1.8179	
10.6632	-3.83248	1.81453	2.10543	10.7092	-3.85166	10.65	-3.85	1.81903	1.81904	
10.7634	-3.71779	1.81324	2.09801	10.7616	-3.75002	10.75	-3.75	1.81902	1.81903	
10.8013	-3.60389	1.06745	2.18411	10.795	-3.60617	10.8	-3.6	0.909773	2.72931	
10.859	-3.48303	1.06709	2.18877	10.8527	-3.46164	10.85	-3.45	0.909764	2.72928	
10.9819	-3.32715	1.89018	2.44469	10.9584	-3.30584	10.95	-3.3	1.99953	2.99928	
11.0734	-3.20303	1.88737	2.45332	11.0447	-3.1561	11.05	-3.15	1.9995	2.99925	
11.1276	-3.00298	1.1789	3.02616	11.1178	-2.98807	11.1	-3	0.907725	2.72317	
11.1891	-2.83654	1.17117	3.0175	11.1427	-2.86566	11.15	-2.85	0.907708	2.72314	
11.2321	-2.69544	1.01605	2.83202	11.1491	-2.68183	11.2	-2.7	0.908929	2.72678	
11.2854	-2.53964	1.01078	2.82763	11.2525	-2.55311	11.25	-2.55	0.908929	2.72678	
11.2158	-2.37842	-0.463293	2.98578	11.1188	-2.36202	11.2	-2.4	-0.909276	2.72782	
11.1883	-2.21511	-0.468444	2.97514	11.1594	-2.25598	11.15	-2.25	-0.909276	2.72782	
11.2921	-2.10832	1.29864	2.40243	11.2029	-2.09837	11.25	-2.1	1.81915	2.72871	
11.3624	-1.97563	1.29749	2.40636	11.3525	-1.95787	11.35	-1.95	1.81913	2.72869	
11.361	-1.80963	0.416166	2.70981	11.3011	-1.79507	11.35	-1.8	0	2.73035	
11.3799	-1.66064	0.409074	2.70609	11.3326	-1.67041	11.35	-1.65	0	2.73033	
11.3114	-1.4835	-0.496637	3.04497	11.0622	-1.44342	11.3	-1.5	-0.999165	2.99748	
11.2846	-1.33161	-0.500196	3.03872	11.2595	-1.35818	11.25	-1.35	-0.999155	2.99745	
11.2272	-1.22835	-0.78511	2.56608	11.1658	-1.23674	11.2	-1.25	-0.909822	1.81964	
11.1819	-1.08903	-0.790038	2.54915	11.1524	-1.15803	11.15	-1.15	-0.909822	1.81964	
11.0533	-0.947817	-1.74192	2.67316	10.8534	-0.929069	11.05	-0.95	-1.99817	3.99632	
10.9652	-0.812034	-1.74218	2.69039	10.9584	-0.728742	10.95	-0.75	-1.99816	3.99632	
10.9164	-0.666442	-1.0688	2.65167	10.8608	-0.663121	10.9	-0.649999	-0.908549	1.8171	
10.8582	-0.521343	-1.06806	2.64444	10.8648	-0.553034	10.85	-0.549999	-0.908532	1.81708	
10.7561	-0.42464	-1.69938	2.29037	10.8451	-0.437482	10.75	-0.45	-1.8174	1.81738	
10.662	-0.299831	-1.70068	2.2791	10.6542	-0.347474	10.65	-0.35	-1.8174	1.81738	
10.4875	-0.233551	-2.74049	1.84521	10.5062	-0.245062	10.5	-0.25	-2.72796	1.81864	
10.3374	-0.132552	-2.73962	1.84106	10.3438	-0.150982	10.35	-0.15	-2.72796	1.81864	
10.2621	-0.0732825	-2.0055	1.52245	10.4884	-0.0812124	10.25	-0.0999996	-1.81964	0.909826	
10.152	0.00897677	-2.00531	1.50938	10.1537	-0.0482457	10.15	-0.0499992	-1.81963	0.909818	
9.9967	0.0171398	-2.50326	0.93928	9.92588	0.00395802	10	9.49949e-07	-2.73049	0.910169	
9.85897	0.0679868	-2.50357	0.932071	9.85676	0.0351738	9.85	0.0500011	-2.73047	0.910161	
9.70259	0.0677198	-2.67511	0.53033	9.63973	0.0585714	9.7	0.0500011	-2.72439	0	
9.55458	0.0956268	-2.67621	0.517788	9.54669	0.0374948	9.55	0.0500011	-2.72438	0	
9.39512	0.114774	-2.75966	0.444422	9.32242	0.112393	9.4	0.100001	-2.72773	0.90923	
9.24347	0.139513	-2.75953	0.447372	9.24446	0.153574	9.25	0.15	-2.7277	0.909222	
9.09136	0.196474	-2.72716	0.705203	9.0614	0.20077	9.1	0.2	-2.72652	0.908843	
8.94187	0.235782	-2.72639	0.710252	8.94752	0.260272	8.95	0.25	-2.72653	0.908843	
8.85031	0.249357	-2.03807	0.511887	8.90199	0.247143	8.85	0.25	-1.81847	0	
8.73997	0.277278	-2.03517	0.509187	8.76016	0.263752	8.75	0.25	-1.81846	0	
8.52399	0.266302	-3.30092	0.180964	8.46355	0.258809	8.55	0.25	-3.6326	0	
8.34312	0.275851	-3.29938	0.176417	8.35367	0.252596	8.35	0.25	-3.6326	0	
8.18959	0.251072	-2.80675	-0.0992189	8.05161	0.241868	8.2	0.25	-2.72841	0	
8.03681	0.245693	-2.80429	-0.0988326	8.05411	0.247878	8.05	0.25	-2.72842	0	
7.88923	0.21236	-2.61615	-0.32847	7.78653	0.205765	7.9	0.2	-2.72708	-0.909025	
7.74509	0.193454	-2.61634	-0.337556	7.74339	0.144028	7.75	0.15	-2.72705	-0.909016	
7.60867	0.102364	-2.68072	-0.953912	7.77346	0.0969346	7.6	0.100001	-2.73169	-0.910554	
7.46083	0.049901	-2.68174	-0.954716	7.45362	0.0452052	7.45	0.0500011	-2.73169	-0.910554	
7.2899	0.0380887	-3.01134	-0.644951	7.15329	0.0425189	7.3	0.0500011	-2.99789	0	
7.14136	0.00612476	-3.00821	-0.641646	7.16618	0.0287673	7.15	0.0500011	-2.9979	0	
7.05962	-0.0447235	-2.02332	-0.781877	7.17215	-0.0469302	7.05	-0.0499995	-1.81811	-1.81813	
6.94885	-0.0886258	-2.02258	-0.792096	6.95426	-0.147757	6.95	-0.15	-1.8181	-1.81811	
6.84248	-0.239281	-1.8896	-1.72392	6.83008	-0.250179	6.85	-0.25	-1.81646	-1.81646	
6.74052	-0.334426	-1.8863	-1.72611	6.76395	-0.345347	6.75	-0.35	-1.81645	-1.81645	
6.65857	-0.449981	-1.69094	-1.91044	6.74798	-0.457727	6.65	-0.45	-1.81901	-1.819	
6.56408	-0.55506	-1.69355	-1.91196	6.54569	-0.565853	6.55	-0.549999	-1.81899	-1.81898	
6.52555	-0.743683	-0.976833	-2.67896	6.565	-0.754748	6.5	-0.749999	-0.909789	-3.63914	
6.47053	-0.891456	-0.979921	-2.68674	6.4494	-0.940848	6.45	-0.949999	-0.909781	-3.63911	
6.40783	-1.09875	-1.10819	-3.34804	6.44213	-1.11266	6.4	-1.1	-1.0002	-3.00061	
6.35173	-1.26595	-1.10911	-3.34714	6.34405	-1.26138	6.35	-1.25	-1.0002	-3.00061	
6.31606	-1.35739	-0.98164	-2.637	6.39474	-1.36501	6.3	-1.35	-1.00035	-2.00072	
6.26515	-1.48811	-0.982756	-2.62825	6.25356	-1.42931	6.25	-1.45	-1.00036	-2.00072	
6.28056	-1.62151	-0.113153	-2.71488	6.24787	-1.61119	6.25	-1.6	0	-2.99288	
6.27202	-1.75686	-0.117457	-2.71365	6.23547	-1.75335	6.25	-1.75	0	-2.99285	
6.32459	-1.90606	0.55341	-2.75726	6.41111	-1.93027	6.3	-1.9	0.909739	-2.72921	
6.35449	-2.05741	0.552668	-2.75655	6.34873	-2.05372	6.35	-2.05	0.909735	-2.72921	
6.36697	-2.20637	0.167186	-2.65876	6.53066	-2.26346	6.35	-2.2	0	-2.72782	
6.37538	-2.35213	0.166468	-2.65641	6.36917	-2.33894	6.35	-2.35	0	-2.72779	
6.36221	-2.54808	0.0640403	-3.1283	6.27034	-2.51837	6.35	-2.55	0	-3.63689	
6.36448	-2.71991	0.0609138	-3.13042	6.34287	-2.73391	6.35	-2.75	0	-3.63689	
6.4188	-2.90602	0.652988	-3.31941	6.45883	-2.92313	6.4	-2.9	0.908854	-2.72658	
6.45298	-3.08753	0.651381	-3.31488	6.43866	-3.06257	6.45	-3.05	0.908859	-2.72658	
6.50978	-3.21687	0.843461	-2.85749	6.49154	-3.20004	6.5	-3.2	0.908863	-2.72658	
6.55399	-3.37263	0.841386	-2.85208	6.53579	-3.34211	6.55	-3.35	0.908855	-2.72655	
6.62473	-3.49899	1.00564	-2.56431	6.70146	-3.53446	6.6	-3.5	0.908714	-2.72613	
6.67785	-3.63917	1.00112	-2.56446	6.64657	-3.63945	6.65	-3.65	0.908702	-2.72611	
6.72206	-3.81872	0.958786	-2.9213	6.70956	-3.81739	6.7	-3.8	0.909565	-2.72871	
6.77267	-3.97808	0.955646	-2.91881	6.74885	-3.96368	6.75	-3.95	0.909561	-2.72869	
6.81724	-4.11709	0.904728	-2.74411	6.73758	-4.06653	6.8	-4.1	0.908566	-2.72568	
6.86608	-4.26738	0.903821	-2.74188	6.85796	-4.25464	6.85	-4.25	0.908561	-2.72569	
6.98636	-4.42163	1.6053	-2.84103	7.10395	-4.4909	6.95	-4.4	1.81821	-2.72732	
7.07233	-4.57633	1.60194	-2.83787	7.04679	-4.55716	7.05	-4.55	1.81822	-2.72732	
7.12654	-4.71204	1.28204	-2.6428	7.02393	-4.64459	7.1	-4.7	0.91085	-2.73253	
7.19303	-4.85522	1.2731	-2.64369	7.13435	-4.85502	7.15	-4.85	0.910837	-2.73251	
7.24064	-4.97326	1.05648	-2.46891	7.24619	-4.97657	7.2	-4.95	1.00033	-2.00068	
7.28963	-5.09361	1.05273	-2.46167	7.25317	-5.04605	7.25	-5.05	1.00033	-2.00066	
7.39548	-5.22551	1.86727	-2.79502	7.22054	-5.09604	7.35	-5.2	1.9976	-2.9964	
7.48546	-5.36328	1.86092	-2.79353	7.43604	-5.34825	7.45	-5.35	1.9976	-2.9964	
7.51912	-5.46574	1.0597	-2.19875	7.40989	-5.38617	7.5	-5.45	0.908252	-1.8165	
7.57572	-5.58542	1.0573	-2.19587	7.55662	-5.56714	7.55	-5.55	0.908244	-1.81648	
7.65302	-5.72002	1.56055	-2.56497	7.39379	-5.52612	7.65	-5.7	1.81785	-2.72677	
7.73982	-5.86107	1.56518	-2.56084	7.76459	-5.8425	7.75	-5.85	1.81785	-2.72677	
7.78564	-5.96082	0.968274	-2.02264	7.84699	-6.00602	7.8	-5.95	0.909078	-1.81815	
7.83932	-6.07145	0.972621	-2.01689	7.85921	-6.04502	7.85	-6.05	0.909073	-1.81815	
7.95266	-6.19282	1.71004	-2.30972	7.89511	-6.1416	7.95	-6.2	1.8197	-2.72955	
8.04832	-6.32182	1.70986	-2.31688	8.05619	-6.36041	8.05	-6.35	1.81969	-2.72953	
8.15184	-6.47691	1.80619	-2.55024	8.2234	-6.53735	8.15	-6.5	1.8187	-2.72807	
8.2522	-6.61867	1.80527	-2.55604	8.25446	-6.64851	8.25	-6.65	1.81869	-2.72804	
8.28762	-6.73725	1.02978	-2.15342	8.32206	-6.77114	8.3	-6.75	0.908979	-1.81795	
8.34227	-6.85423	1.02606	-2.15158	8.31728	-6.8399	8.35	-6.85	0.908979	-1.81795	
8.38655	-6.99971	1.08057	-2.47744	8.2713	-6.91098	8.4	-7	0.909094	-2.72732	
8.44623	-7.13671	1.07899	-2.48101	8.44183	-7.15372	8.45	-7.15	0.909102	-2.72732	
8.55442	-7.2781	1.62457	-2.66842	8.54154	-7.25975	8.55	-7.3	1.81751	-2.72628	
8.64589	-7.42754	1.6248	-2.67638	8.65899	-7.4699	8.65	-7.45	1.81752	-2.72628	
8.69277	-7.55383	0.977673	-2.23401	8.83598	-7.68162	8.7	-7.55	0.908615	-1.81723	
8.74685	-7.67551	0.983441	-2.22586	8.76769	-7.64094	8.75	-7.65	0.908607	-1.81721	
8.85845	-7.80384	1.68404	-2.51599	8.77916	-7.72457	8.85	-7.8	1.8215	-2.73224	
8.95149	-7.94262	1.68453	-2.51755	8.95669	-7.95155	8.95	-7.95	1.82148	-2.73221	
9.00566	-8.11504	1.38661	-2.7953	9.1081	-8.22433	9	-8.1	0.999025	-2.99707	
9.07361	-8.25377	1.38403	-2.79405	9.05476	-8.24211	9.05	-8.25	0.999015	-2.99704	
9.09836	-8.36557	0.682976	-2.1881	9.13825	-8.4037	9.1	-8.35	0.908285	-1.81657	
9.1353	-8.48423	0.686024	-2.18073	9.14025	-8.44981	9.15	-8.45	0.908268	-1.81655	
9.22297	-8.60415	1.20478	-2.33106	9.22081	-8.59155	9.2	-8.6	0.91012	-2.73036	
9.28766	-8.73278	1.1957	-2.33909	9.25031	-8.76071	9.25	-8.75	0.910112	-2.73033	
9.31835	-8.9057	0.9774	-2.68388	9.30208	-8.90831	9.3	-8.9	0.909524	-2.72856	
9.37034	-9.05216	0.972615	-2.68412	9.34431	-9.04587	9.35	-9.05	0.909524	-2.72856	
9.4201	-9.20397	1.05097	-2.87763	9.39993	-9.18842	9.4	-9.2	0.999066	-2.99725	
9.47179	-9.34859	1.04466	-2.8836	9.4452	-9.37195	9.45	-9.35	0.999075	-2.99724	
9.51865	-9.49552	0.93512	-2.76675	9.48751	-9.46421	9.5	-9.5	0.909706	-2.7291	
9.569	-9.64717	0.931405	-2.76806	9.55098	-9.64789	9.55	-9.65	0.909706	-2.7291	
9.61015	-9.79173	0.933368	-2.85215	9.57122	-9.75525	9.6	-9.8	1.00048	-3.00143	
9.65522	-9.93391	0.926995	-2.85552	9.62408	-9.94149	9.65	-9.95	1.00046	-3.00141	
9.68668	-10.0443	0.753186	-2.55529	9.61433	-9.96417	9.7	-10.05	0.998785	-1.99755	
9.725	-10.1715	0.758511	-2.54998	9.7457	-10.1502	9.75	-10.15	0.998775	-1.99754	
9.74244	-10.2911	0.41755	-2.22478	9.77731	-10.3295	9.75	-10.3	0	-2.72851	
9.76618	-10.4155	0.41479	-2.23211	9.76557	-10.4501	9.75	-10.45	0	-2.72849	
9.80254	-10.6007	0.634507	-2.79597	9.89592	-10.7137	9.8	-10.6	0.909012	-2.72704	
9.83816	-10.7547	0.637374	-2.79482	9.85066	-10.7537	9.85	-10.75	0.909012	-2.72703	
9.82734	-10.8961	0.215418	-2.66074	9.84397	-10.9287	9.85	-10.9	0	-3.00318	
9.83957	-11.0307	0.217409	-2.66351	9.85693	-11.0512	9.85	-11.05	0	-3.00316	
9.84865	-11.1625	0.296339	-2.75591	9.74773	-11.0482	9.85	-11.2	0	-3.00013	
9.86364	-11.3031	0.288435	-2.76735	9.84407	-11.3565	9.85	-11.35	0	-3.00012	
9.83515	-11.4848	0.0431624	-3.115	9.79495	-11.4686	9.85	-11.5	0	-2.99592	
9.83754	-11.6412	0.0431225	-3.11591	9.83943	-11.6467	9.85	-11.65	0	-2.99592	
9.79059	-11.7328	-0.649049	-2.14804	9.76634	-11.6976	9.8	-11.75	-0.908731	-1.81746	
9.7545	-11.8508	-0.650643	-2.14862	9.74774	-11.8511	9.75	-11.85	-0.908731	-1.81746	
9.70752	-12.0134	-0.701824	-2.47289	9.7856	-12.1262	9.7	-12	-0.909591	-2.72875	
9.66755	-12.1486	-0.707063	-2.47408	9.64482	-12.1455	9.65	-12.15	-0.909582	-2.72873	
9.59794	-12.3096	-0.889059	-2.66134	9.57233	-12.2948	9.6	-12.3	-0.908879	-2.72667	
9.54921	-12.4562	-0.888639	-2.66159	9.55167	-12.4583	9.55	-12.45	-0.908879	-2.72665	
9.43654	-12.5577	-1.52215	-2.08064	9.37132	-12.4833	9.45	-12.55	-1.82006	-1.82006	
9.35283	-12.6707	-1.51878	-2.0758	9.359	-12.6499	9.35	-12.65	-1.82005	-1.82005	
9.21363	-12.7403	-2.1263	-1.58652	9.16109	-12.6848	9.2	-12.75	-3.00047	-2.00033	
9.10358	-12.819	-2.14474	-1.59482	9.028	-12.8337	9.05	-12.85	-3.00048	-2.00033	
8.94361	-12.9001	-2.45065	-1.50293	8.85918	-12.7953	8.95	-12.9	-1.81543	-0.907707	
8.81011	-12.9825	-2.44131	-1.49761	8.84257	-12.9684	8.85	-12.95	-1.81542	-0.907708	
8.69207	-13.056	-2.30198	-1.49056	8.66865	-13.0114	8.7	-13.05	-2.73134	-1.82089	
8.56512	-13.1381	-2.3056	-1.49276	8.55319	-13.1445	8.55	-13.15	-2.73135	-1.82089	
8.36554	-13.1263	-3.16823	-0.436445	8.27267	-12.996	8.4	-13.15	-2.99683	0	
8.20949	-13.1492	-3.15647	-0.432932	8.25965	-13.1488	8.25	-13.15	-2.9968	0	
8.09687	-13.177	-2.5657	-0.762342	8.04571	-13.0646	8.1	-13.2	-2.72707	-0.909028	
7.95643	-13.2211	-2.56758	-0.767801	7.95841	-13.2508	7.95	-13.25	-2.72705	-0.90902	
7.77974	-13.2539	-2.97841	-0.408773	7.866	-13.4154	7.8	-13.25	-2.7295	0	
7.61605	-13.2746	-2.97397	-0.403273	7.62489	-13.249	7.65	-13.25	-2.7295	0	
7.485	-13.2698	-2.91192	-0.14195	7.50783	-13.2944	7.5	-13.25	-2.99994	0	
7.33899	-13.275	-2.90923	-0.137147	7.3419	-13.2474	7.35	-13.25	-2.99994	0	
7.19247	-13.2143	-2.97809	0.605618	7.19781	-13.1973	7.2	-13.2	-2.72698	0.908995	
7.02928	-13.18	-2.97143	0.610431	7.04935	-13.1606	7.05	-13.15	-2.72695	0.908987	
6.85371	-13.1494	-3.0044	0.500229	6.79473	-13.0433	6.85	-13.15	-3.63709	0	
6.68743	-13.124	-3.0165	0.491418	6.65123	-13.1604	6.65	-13.15	-3.63709	0	
6.49621	-13.0956	-3.40094	0.738445	6.54115	-13.2079	6.5	-13.1	-3.0006	1.00018	
6.32702	-13.0578	-3.39346	0.742818	6.35317	-13.0396	6.35	-13.05	-3.0006	1.00019	
6.22917	-13.0655	-2.59477	-0.004797	6.27012	-13.1139	6.25	-13.05	-1.81729	0	
6.08863	-13.0654	-2.57893	0.00161242	6.14459	-13.0471	6.15	-13.05	-1.81729	0	
5.97469	-12.9465	-2.63811	1.33559	5.99498	-12.9442	6	-12.95	-2.72861	1.81906	
5.83061	-12.8713	-2.62747	1.34267	5.86379	-12.8408	5.85	-12.85	-2.72861	1.81907	
5.71107	-12.8125	-2.54106	1.27271	5.73761	-12.8672	5.7	-12.8	-2.99988	0.999964	
5.5827	-12.7483	-2.54856	1.27109	5.55118	-12.7486	5.55	-12.75	-2.99985	0.999954	
5.44785	-12.7155	-2.54735	0.934823	5.45236	-12.7392	5.45	-12.7	-2.00001	1	
5.32138	-12.6675	-2.53812	0.940088	5.35556	-12.6423	5.35	-12.65	-1.99998	0.999994	
5.24389	-12.5545	-2.29326	1.63994	5.26451	-12.5511	5.25	-12.55	-1.99732	1.99733	
5.1288	-12.47	-2.28953	1.64529	5.13769	-12.4355	5.15	-12.45	-1.9973	1.9973	
5.04191	-12.3783	-2.06856	1.77383	5.1317	-12.5744	5.05	-12.35	-1.8206	1.82059	
4.92835	-12.2784	-2.0627	1.78012	4.94432	-12.2438	4.95	-12.25	-1.82058	1.82058	
4.85595	-12.1102	-2.00531	2.72705	4.89215	-12.1623	4.85	-12.1	-1.9998	2.99969	
4.75523	-11.9727	-2.00574	2.72899	4.75047	-11.9578	4.75	-11.95	-1.9998	2.9997	
4.67893	-11.8775	-1.69276	2.07463	4.6421	-11.7788	4.7	-11.85	-1.00002	2.00003	
4.59546	-11.773	-1.6822	2.07932	4.63967	-11.7513	4.65	-11.75	-1.00001	2.00002	
4.55599	-11.608	-1.45747	2.77061	4.58347	-11.632	4.6	-11.6	-0.998955	2.99688	
4.48562	-11.4699	-1.4395	2.7753	4.56619	-11.4576	4.55	-11.45	-0.99896	2.99689	
4.47989	-11.2909	-0.956138	3.0634	4.46846	-11.2092	4.5	-11.3	-1.00106	3.00319	
4.43312	-11.1386	-0.950559	3.06383	4.46017	-11.1425	4.45	-11.15	-1.00106	3.00319	
4.41503	-11.0455	-0.538516	2.10695	4.43671	-11.0976	4.45	-11.05	0	1.8168	
4.38759	-10.932	-0.527433	2.10573	4.43803	-10.9525	4.45	-10.95	0	1.81679	
4.41097	-10.7619	-0.226427	2.74132	4.40556	-10.7068	4.45	-10.8	0	3.00139	
4.40208	-10.6284	-0.216394	2.73849	4.45507	-10.6618	4.45	-10.65	0	3.00138	
4.43302	-10.5368	0.214109	2.11933	4.44716	-10.5583	4.45	-10.55	0	2.00041	
4.44418	-10.4318	0.215383	2.11824	4.45187	-10.4417	4.45	-10.45	0	2.00038	
4.47784	-10.2864	0.355557	2.48674	4.45602	-10.2142	4.5	-10.3	0.999584	2.99875	
4.49692	-10.1613	0.367541	2.49225	4.55349	-10.1343	4.55	-10.15	0.999574	2.99871	
4.54814	-9.98797	0.545333	2.88693	4.56608	-10.005	4.55	-10	0	2.72717	
4.57772	-9.82962	0.540908	2.88447	4.55922	-9.84124	4.55	-9.85	0	2.72714	
4.63775	-9.69331	0.860878	2.52315	4.62339	-9.6559	4.65	-9.7	1.8193	2.72895	
4.68671	-9.55454	0.873925	2.52824	4.7439	-9.53522	4.75	-9.55	1.81929	2.72894	
4.77751	-9.36291	1.19332	3.10637	4.74852	-9.27389	4.8	-9.4	1.00006	3.00019	
4.83817	-9.20991	1.1939	3.10232	4.8446	-9.24095	4.85	-9.25	1.00005	3.00015	
4.94332	-9.12793	1.72573	2.20807	4.98605	-9.20516	4.95	-9.15	2.00004	2.00005	
5.02968	-9.01819	1.72416	2.20614	5.02283	-9.03066	5.05	-9.05	2.00004	2.00004	
5.08124	-8.87225	1.27718	2.79484	5.12819	-8.95913	5.1	-8.9	0.999704	2.99911	
5.14494	-8.73226	1.2765	2.79491	5.14109	-8.73073	5.15	-8.75	0.999689	2.99907	
5.245	-8.65609	1.64728	1.96905	5.33883	-8.81618	5.25	-8.65	1.81848	1.81849	
5.33714	-8.54973	1.65231	1.96729	5.36408	-8.56805	5.35	-8.55	1.81846	1.81846	
5.42776	-8.38639	1.62114	2.61497	5.38848	-8.31037	5.45	-8.4	2.00068	3.00103	
5.5098	-8.25623	1.62647	2.61658	5.53874	-8.25196	5.55	-8.25	2.00066	3.00099	
5.63212	-8.14927	2.14476	2.14522	5.56632	-8.04704	5.65	-8.15	1.99952	1.99953	
5.73989	-8.04271	2.14563	2.14416	5.7459	-8.05196	5.75	-8.05	1.9995	1.9995	
5.80231	-7.92979	1.703	2.30358	5.78426	-7.91676	5.8	-7.95	0.999944	1.99989	
5.88775	-7.81726	1.69498	2.29325	5.84978	-7.88144	5.85	-7.85	0.999939	1.99988	
5.95806	-7.73352	1.65825	1.94088	5.92249	-7.69769	5.95	-7.75	1.99772	1.99772	
6.04133	-7.63692	1.65784	1.93938	6.04031	-7.64732	6.05	-7.65	1.99771	1.9977	
6.14979	-7.53535	1.82974	1.85841	6.16773	-7.55437	6.15	-7.55	1.8199	1.8199	
6.25034	-7.43398	1.82698	1.85484	6.23866	-7.45306	6.25	-7.45	1.8199	1.81991	
6.38758	-7.3416	2.4204	1.58168	6.25322	-7.17734	6.4	-7.35	2.99605	1.99736	
6.5104	-7.26302	2.4282	1.58535	6.55461	-7.24907	6.55	-7.25	2.99605	1.99736	
6.64287	-7.1953	2.43862	1.4131	6.67172	-7.23041	6.65	-7.2	1.8206	0.910303	
6.77643	-7.11881	2.43192	1.40556	6.74664	-7.15616	6.75	-7.15	1.8206	0.910298	
6.84182	-7.03216	1.84797	1.67568	6.79888	-6.99594	6.85	-7.05	1.99848	1.99848	
6.93555	-6.94945	1.85066	1.67465	6.95342	-6.96092	6.95	-6.95	1.99846	1.99846	
7.09329	-6.86858	2.39368	1.49061	7.17955	-6.9446	7.1	-6.85	2.72688	1.81792	
7.22456	-6.78434	2.40011	1.50179	7.24929	-6.7261	7.25	-6.75	2.72688	1.81792	
7.34768	-6.65713	2.12255	2.0395	7.42782	-6.72337	7.35	-6.65	1.81821	1.81821	
7.46445	-6.54509	2.12223	2.03885	7.46332	-6.54842	7.45	-6.55	1.81821	1.81821	
7.55713	-6.50246	2.0465	1.4042	7.54452	-6.5069	7.55	-6.5	1.81726	0.908632	
7.66996	-6.42656	2.04229	1.39656	7.65373	-6.46481	7.65	-6.45	1.81726	0.908632	
7.80827	-6.40324	2.39473	0.860157	7.8635	-6.45394	7.8	-6.4	2.72951	0.909839	
7.93967	-6.3555	2.39546	0.862249	7.94162	-6.34466	7.95	-6.35	2.72948	0.909826	
8.02973	-6.23462	2.02518	1.57295	7.89525	-6.11857	8.05	-6.25	2.00047	2.00048	
8.13021	-6.15529	2.02444	1.57452	8.12355	-6.14389	8.15	-6.15	2.00048	2.00048	
8.28522	-6.04648	2.43976	1.69526	8.31422	-6.05705	8.3	-6.05	2.72702	1.81801	
8.42192	-5.95488	2.44468	1.6937	8.45315	-5.97158	8.45	-5.95	2.727	1.818	
8.52373	-5.89113	2.25572	1.55234	8.53167	-5.90349	8.55	-5.9	2.00127	1.00064	
8.63731	-5.8145	2.25587	1.54924	8.64207	-5.83392	8.65	-5.85	2.00128	1.00064	
8.78267	-5.75437	2.57097	1.3763	8.88764	-5.82241	8.8	-5.75	2.99963	1.99976	
8.91214	-5.68481	2.57692	1.3845	8.94256	-5.64534	8.95	-5.65	2.99961	1.99974	
9.04773	-5.55552	2.35338	2.02036	9.21669	-5.64514	9.05	-5.55	1.99699	1.997	
9.16479	-5.454	2.3517	2.02008	9.15342	-5.45253	9.15	-5.45	1.997	1.99701	
9.26055	-5.34611	2.05173	2.01834	9.16723	-5.29709	9.25	-5.35	1.8166	1.81659	
9.37192	-5.23449	2.04776	2.01686	9.34852	-5.23619	9.35	-5.25	1.8166	1.81659	
9.4613	-5.13749	1.8769	1.90927	9.39027	-5.1041	9.45	-5.15	1.8222	1.82219	
9.56315	-5.03275	1.87287	1.90529	9.54207	-5.04728	9.55	-5.05	1.82219	1.82219	
9.65088	-5.01798	1.99141	1.20022	9.62802	-5.02338	9.65	-5	1.99604	0.998028	
9.75028	-4.95733	1.99183	1.20292	9.75	-4.94288	9.75	-4.95	1.99605	0.998028	
9.84305	-4.85056	1.66909	1.60769	9.88102	-4.86216	9.85	-4.85	1.81895	1.81894	
9.93551	-4.76239	1.67063	1.60812	9.94502	-4.76247	9.95	-4.75	1.81894	1.81894	
10.034	-4.61753	1.60335	2.08584	10.0747	-4.62454	10.05	-4.6	1.81966	2.72951	
10.1222	-4.50151	1.60765	2.09703	10.1384	-4.4533	10.15	-4.45	1.81965	2.72948	
10.2286	-4.35852	1.82598	2.26691	10.1743	-4.32841	10.25	-4.35	1.81908	1.81907	
10.3309	-4.23514	1.82815	2.26243	10.3492	-4.25956	10.35	-4.25	1.81908	1.81907	
10.4325	-4.11146	1.8095	2.38265	10.56	-4.15868	10.45	-4.1	2.00061	3.0009	
10.5247	-3.99196	1.81488	2.39032	10.5557	-3.96034	10.55	-3.95	2.0006	3.0009	
10.6581	-3.85644	2.20742	2.48737	10.7738	-3.89129	10.65	-3.85	1.99963	1.99964	
10.7667	-3.73205	2.20317	2.48297	10.7394	-3.74821	10.75	-3.75	1.99962	1.99962	
10.7922	-3.5891	1.12317	2.77114	10.7674	-3.58281	10.8	-3.6	0.999844	2.99952	
10.8489	-3.45024	1.12502	2.77466	10.8596	-3.4348	10.85	-3.45	0.999834	2.99949	
10.9575	-3.35317	1.85539	2.3577	10.9601	-3.36033	10.95	-3.35	2.00065	2.00064	
11.0505	-3.23577	1.85499	2.35454	11.0504	-3.25128	11.05	-3.25	2.00064	2.00064	
11.0779	-3.0912	1.0246	2.64847	11.0282	-3.07488	11.1	-3.1	0.998546	2.99563	
11.131	-2.95853	1.02839	2.65238	11.1569	-2.944	11.15	-2.95	0.998526	2.9956	
11.1301	-2.78948	0.249729	2.9145	11.1386	-2.78926	11.15	-2.8	0	2.73104	
11.1438	-2.62999	0.248822	2.90956	11.141	-2.65084	11.15	-2.65	0	2.73102	
11.1355	-2.5361	0.0824666	2.42149	11.1042	-2.54354	11.15	-2.55	0	1.81785	
11.1413	-2.40462	0.0825407	2.40892	11.1497	-2.45904	11.15	-2.45	0	1.81785	
11.2426	-2.2773	1.37202	2.34481	11.1658	-2.25651	11.25	-2.25	1.99733	3.99465	
11.3138	-2.15755	1.37989	2.36861	11.3591	-2.05184	11.35	-2.05	1.99733	3.99465	
11.3305	-1.94146	0.564599	3.07034	11.3117	-1.92025	11.35	-1.95	0	1.81854	
11.3614	-1.77514	0.561475	3.0484	11.3504	-1.8663	11.35	-1.85	0	1.81853	
11.3658	-1.67783	0.234631	2.54941	11.4185	-1.70062	11.35	-1.7	0	2.72762	
11.377	-1.53732	0.231761	2.55015	11.3568	-1.53205	11.35	-1.55	0	2.72762	
11.3108	-1.39031	-0.714837	2.6438	11.2541	-1.38373	11.3	-1.4	-0.908846	2.72653	
11.2692	-1.24463	-0.718638	2.64371	11.2429	-1.24238	11.25	-1.25	-0.908846	2.72653	
11.1667	-1.09601	-1.4274	2.69132	11.0754	-1.08747	11.15	-1.1	-1.82014	2.73021	
11.0855	-0.947433	-1.4317	2.69549	11.0544	-0.927069	11.05	-0.949999	-1.82013	2.73021	
11.0175	-0.800573	-1.29916	2.77818	10.9247	-0.791253	11	-0.799999	-1.00036	3.00107	
10.9518	-0.661187	-1.3001	2.78237	10.9434	-0.640459	10.95	-0.65	-1.00035	3.00104	
10.8294	-0.496749	-1.9406	2.98301	10.7146	-0.485949	10.85	-0.5	-2.00003	3.00006	
10.7335	-0.347955	-1.93897	2.98028	10.7471	-0.362528	10.75	-0.35	-2.00002	3.00003	
10.6377	-0.283184	-1.82087	2.22244	10.6895	-0.304531	10.65	-0.3	-1.81779	0.908892	
10.5384	-0.163502	-1.81995	2.19895	10.547	-0.266677	10.55	-0.25	-1.81778	0.908893	
10.3885	-0.136946	-2.67893	1.56541	10.5032	-0.154501	10.4	-0.15	-3.00061	2.00041	
10.2541	-0.0584474	-2.67962	1.56757	10.2485	-0.0475524	10.25	-0.0499992	-3.0006	2.00041	
10.1618	-0.0568651	-2.09809	0.967846	10.1407	-0.0721585	10.15	-0.0499992	-1.99645	0	
10.0548	-0.00927328	-2.10102	0.959381	10.0313	-0.0518611	10.05	-0.0499992	-1.99644	0	
9.92124	0.00512682	-2.50698	0.661424	10.0898	-0.00166396	9.9	9.49949e-07	-2.73175	0.910584	
9.78077	0.0415523	-2.51166	0.662383	9.74695	0.0464954	9.75	0.0500011	-2.73174	0.910584	
9.61476	0.0827031	-2.92308	0.723635	9.50401	0.0833188	9.6	0.100001	-2.99544	0.998471	
9.46764	0.119514	-2.92428	0.729233	9.45825	0.149456	9.45	0.15	-2.99545	0.998471	
9.35835	0.163556	-2.12107	0.767201	9.22819	0.16178	9.35	0.15	-1.81963	0	
9.24192	0.204388	-2.12063	0.753922	9.24456	0.139817	9.25	0.15	-1.81962	0	
9.08326	0.211322	-2.79084	0.498856	9.0729	0.205961	9.1	0.2	-3.00059	1.0002	
8.94521	0.23655	-2.78865	0.501493	8.96281	0.250937	8.95	0.25	-3.0006	1.0002	
8.80151	0.257187	-2.88478	0.463381	8.84168	0.257617	8.8	0.25	-2.99995	0	
8.65711	0.279756	-2.88486	0.457349	8.65606	0.24536	8.65	0.25	-2.99994	0	
8.50949	0.25739	-2.85486	0.0827112	8.43549	0.247188	8.5	0.25	-2.99323	0	
8.36457	0.261317	-2.85764	0.0809345	8.34184	0.250769	8.35	0.25	-2.9932	0	
8.22679	0.24569	-2.65035	-0.0851032	8.27073	0.243988	8.2	0.25	-2.73233	0	
8.07807	0.241292	-2.65586	-0.0813666	8.03847	0.260731	8.05	0.25	-2.73234	0	
7.93722	0.207506	-2.80376	-0.334036	7.98053	0.204587	7.9	0.2	-3.00234	-1.00078	
7.79227	0.190093	-2.81114	-0.340554	7.73327	0.149199	7.75	0.15	-3.00231	-1.00077	
7.62196	0.150598	-3.044	-0.53281	7.46173	0.143776	7.6	0.15	-2.99599	0	
7.46846	0.124255	-3.04573	-0.528884	7.45455	0.149294	7.45	0.15	-2.99596	0	
7.37587	0.0951498	-2.05977	-0.52487	7.37986	0.0951006	7.35	0.100001	-1.81801	-0.908998	
7.26291	0.0661093	-2.05918	-0.526829	7.26713	0.055036	7.25	0.0500011	-1.81801	-0.908998	
7.11978	-0.0379022	-2.62065	-1.17234	7.32548	-0.0461763	7.1	-0.0499995	-2.72495	-1.81664	
6.97211	-0.102877	-2.62646	-1.17733	6.93127	-0.133333	6.95	-0.15	-2.72492	-1.81662	
6.94314	-0.252868	-1.27419	-1.92987	7.09668	-0.264116	6.9	-0.25	-0.910634	-1.82126	
6.87116	-0.358517	-1.27746	-1.92682	6.84796	-0.34284	6.85	-0.35	-0.910622	-1.82124	
6.68812	-0.452558	-2.75249	-1.8746	6.64638	-0.45061	6.7	-0.45	-2.99641	-1.99759	
6.55008	-0.546269	-2.75278	-1.87318	6.54772	-0.536719	6.55	-0.549999	-2.99637	-1.99757	
6.49824	-0.712396	-1.41929	-2.49428	6.50462	-0.718	6.5	-0.7	-0.909955	-2.72986	
6.42291	-0.849761	-1.41496	-2.49526	6.45451	-0.851695	6.45	-0.85	-0.909955	-2.72986	
6.38907	-0.992672	-0.966715	-2.67871	6.42547	-0.999512	6.4	-1	-0.999224	-2.99766	
6.34218	-1.12736	-0.965188	-2.68407	6.3554	-1.1624	6.35	-1.15	-0.99921	-2.99763	
6.267	-1.3004	-1.09956	-2.92391	6.14523	-1.27904	6.3	-1.3	-0.908722	-2.72618	
6.20814	-1.46149	-1.09659	-2.92318	6.2299	-1.45381	6.25	-1.45	-0.908718	-2.72616	
6.27998	-1.58843	0.444314	-2.71026	6.37158	-1.60661	6.3	-1.6	0.910485	-2.73144	
6.3076	-1.73818	0.449333	-2.71312	6.34473	-1.75136	6.35	-1.75	0.910481	-2.73144	
6.31089	-1.87986	0.188961	-2.74047	6.34	-1.88987	6.35	-1.9	0	-2.99515	
6.32346	-2.0182	0.193061	-2.74415	6.35828	-2.03886	6.35	-2.05	0	-2.99515	
6.33036	-2.19076	0.0558903	-2.90794	6.45002	-2.23466	6.35	-2.2	0	-2.72856	
6.33373	-2.35056	0.0569173	-2.90636	6.34057	-2.34076	6.35	-2.35	0	-2.72854	
6.39565	-2.52277	0.690999	-3.06343	6.4979	-2.56206	6.4	-2.5	0.908227	-2.7247	
6.43408	-2.69088	0.69407	-3.0566	6.45265	-2.65056	6.45	-2.65	0.908223	-2.72467	
6.43243	-2.80076	0.100143	-2.44041	6.46538	-2.81029	6.45	-2.8	0	-2.72732	
6.43941	-2.93559	0.102632	-2.44129	6.45762	-2.94003	6.45	-2.95	0	-2.7273	
6.48101	-3.13807	0.758261	-3.19975	6.36717	-3.08903	6.5	-3.15	0.909078	-3.6363	
6.52476	-3.31531	0.760497	-3.20403	6.54349	-3.33906	6.55	-3.35	0.90907	-3.63626	
6.56655	-3.49229	0.682416	-3.17295	6.6454	-3.53435	6.6	-3.5	0.910038	-2.7301	
6.60754	-3.66817	0.689232	-3.17347	6.65608	-3.67065	6.65	-3.65	0.910033	-2.7301	
6.6637	-3.80027	0.784816	-2.77649	6.70981	-3.81998	6.7	-3.8	0.908095	-2.7243	
6.70947	-3.95438	0.78976	-2.77717	6.74422	-3.95901	6.75	-3.95	0.908091	-2.72428	
6.754	-4.07511	0.776193	-2.49357	6.72525	-4.05329	6.8	-4.1	0.910949	-2.73284	
6.80043	-4.21462	0.780858	-2.50039	6.83817	-4.25449	6.85	-4.25	0.910945	-2.73284	
6.83679	-4.31344	0.673469	-2.22296	6.86491	-4.32753	6.9	-4.35	0.999834	-1.99968	
6.87601	-4.42785	0.682537	-2.22644	6.94879	-4.45387	6.95	-4.45	0.999829	-1.99966	
6.97808	-4.56995	1.52998	-2.66357	6.99339	-4.57763	7.05	-4.6	1.99653	-2.99479	
7.06165	-4.70804	1.53941	-2.67177	7.14339	-4.76622	7.15	-4.75	1.99653	-2.99479	
7.11832	-4.79851	1.20961	-2.20062	7.11889	-4.79341	7.2	-4.85	1.00098	-2.00196	
7.18438	-4.91203	1.2187	-2.205	7.25883	-4.94719	7.25	-4.95	1.00097	-2.00194	
7.24057	-5.05629	1.10089	-2.37691	7.28536	-5.09276	7.3	-5.1	0.90969	-2.72906	
7.30498	-5.19038	1.10434	-2.3869	7.33925	-5.24908	7.35	-5.25	0.909677	-2.72904	
7.4055	-5.35462	1.77992	-2.97428	7.33914	-5.30864	7.45	-5.4	1.99976	-2.99964	
7.49898	-5.50681	1.78572	-2.98101	7.5499	-5.55354	7.55	-5.55	1.99976	-2.99964	
7.54406	-5.61136	1.13249	-2.40033	7.59167	-5.64447	7.6	-5.65	1.00038	-2.00076	
7.60314	-5.73262	1.13835	-2.39948	7.64483	-5.73357	7.65	-5.75	1.00037	-2.00074	
7.70166	-5.86901	1.61804	-2.58032	7.6402	-5.81769	7.75	-5.9	1.81659	-2.7249	
7.79478	-6.01416	1.62466	-2.58572	7.84396	-6.051	7.85	-6.05	1.81659	-2.7249	
7.84988	-6.10585	1.06779	-1.96533	7.91394	-6.15143	7.9	-6.15	0.909251	-1.81851	
7.91218	-6.21703	1.07251	-1.97223	7.95018	-6.25957	7.95	-6.25	0.909247	-1.81849	
8.02599	-6.32782	1.60048	-2.07166	8.10134	-6.38026	8.05	-6.35	1.81576	-1.81577	
8.11714	-6.44385	1.60708	-2.0729	8.15891	-6.45832	8.15	-6.45	1.81577	-1.81577	
8.24032	-6.5766	1.9293	-2.26212	8.3424	-6.65648	8.25	-6.6	1.8218	-2.73269	
8.34666	-6.7025	1.92491	-2.27138	8.33273	-6.74641	8.35	-6.75	1.8218	-2.73269	
8.38552	-6.87468	1.24523	-2.4874	8.46635	-6.96022	8.4	-6.9	0.907987	-2.72401	
8.45423	-7.01269	1.2421	-2.49318	8.44383	-7.03914	8.45	-7.05	0.907988	-2.72398	
8.49528	-7.18926	1.01183	-2.76804	8.53661	-7.23635	8.5	-7.2	0.910054	-2.73014	
8.55198	-7.34285	1.01153	-2.77297	8.55761	-7.36836	8.55	-7.35	0.910046	-2.73012	
8.64681	-7.45373	1.35698	-2.57403	8.70486	-7.48959	8.65	-7.45	1.99827	-1.99828	
8.7163	-7.58236	1.36486	-2.56737	8.7565	-7.55536	8.75	-7.55	1.99828	-1.99828	
8.78784	-7.70795	1.32653	-2.44045	8.74707	-7.66927	8.8	-7.7	0.909061	-2.72717	
8.86051	-7.84249	1.32405	-2.44325	8.85031	-7.85391	8.85	-7.85	0.909053	-2.72715	
8.9115	-7.98608	1.14545	-2.49421	8.88546	-7.96913	8.9	-8	0.908945	-2.72688	
8.9742	-8.12477	1.1388	-2.5035	8.95085	-8.16397	8.95	-8.15	0.908953	-2.72687	
9.04411	-8.25037	1.19172	-2.41646	9.03618	-8.239	9.05	-8.25	1.82026	-1.82027	
9.11107	-8.38234	1.20152	-2.40713	9.15149	-8.34807	9.15	-8.35	1.82025	-1.82026	
9.19998	-8.50245	1.55981	-2.5418	9.14011	-8.44049	9.2	-8.5	0.999884	-2.99963	
9.27584	-8.62938	1.55046	-2.5482	9.22902	-8.65053	9.25	-8.65	0.999874	-2.9996	
9.31205	-8.77659	1.24859	-2.68947	9.23666	-8.722	9.3	-8.8	0.999284	-2.99783	
9.37496	-8.91296	1.24444	-2.69721	9.36398	-8.95164	9.35	-8.95	0.999284	-2.99784	
9.3971	-9.05062	0.648551	-2.36654	9.47823	-9.13791	9.4	-9.05	0.909209	-1.81844	
9.43246	-9.1796	0.650938	-2.36165	9.43696	-9.1575	9.45	-9.15	0.90921	-1.81843	
9.48743	-9.31557	0.902552	-2.51844	9.44585	-9.27158	9.5	-9.3	0.908483	-2.72543	
9.53715	-9.4541	0.903046	-2.51787	9.53884	-9.45193	9.55	-9.45	0.908475	-2.72542	
9.6043	-9.60116	1.01955	-2.57341	9.6872	-9.68187	9.6	-9.6	0.909756	-2.72927	
9.66138	-9.74375	1.02093	-2.57567	9.67284	-9.75791	9.65	-9.75	0.909739	-2.72923	
9.72018	-9.9147	1.07074	-2.86595	9.86489	-10.0711	9.7	-9.9	0.998626	-2.99586	
9.77209	-10.057	1.06664	-2.86558	9.74713	-10.0467	9.75	-10.05	0.998616	-2.99584	
9.76938	-10.1954	0.411862	-2.48923	9.75497	-10.1932	9.75	-10.2	0	-2.72857	
9.7902	-10.333	0.400418	-2.4986	9.74697	-10.3629	9.75	-10.35	0	-2.72854	
9.82148	-10.4921	0.602268	-2.79427	9.77249	-10.4428	9.8	-10.5	0.909773	-2.7293	
9.85504	-10.6458	0.603901	-2.7938	9.86261	-10.6462	9.85	-10.65	0.909773	-2.7293	
9.84772	-10.7905	0.168045	-2.55691	9.86786	-10.8223	9.85	-10.8	0	-2.72846	
9.85652	-10.9314	0.16481	-2.55976	9.8455	-10.9408	9.85	-10.95	0	-2.72844	
9.84999	-11.0919	0.0765852	-2.7102	9.84594	-11.0973	9.85	-11.1	0	-2.72748	
9.8533	-11.241	0.0719247	-2.7131	9.83549	-11.2481	9.85	-11.25	0	-2.72745	
9.85113	-11.405	0.0558105	-2.9308	9.8926	-11.463	9.85	-11.4	0	-2.9967	
9.85522	-11.5532	0.0579409	-2.93275	9.87136	-11.5692	9.85	-11.55	0	-2.99671	
9.83257	-11.6928	-0.321162	-2.54361	9.89882	-11.7746	9.8	-11.7	-0.909227	-2.72768	
9.81178	-11.8332	-0.338698	-2.5549	9.74749	-11.8623	9.75	-11.85	-0.909218	-2.72765	
9.74983	-11.9877	-0.70639	-2.54582	9.75738	-12.0161	9.7	-12	-0.908714	-2.72613	
9.70828	-12.1282	-0.721484	-2.55513	9.65408	-12.1513	9.65	-12.15	-0.908706	-2.7261	
9.62242	-12.2537	-1.16589	-2.27729	9.60373	-12.2428	9.6	-12.25	-0.909639	-1.81931	
9.5565	-12.3757	-1.16636	-2.27008	9.54006	-12.3354	9.55	-12.35	-0.90964	-1.8193	
9.45638	-12.4508	-1.56221	-1.73189	9.38815	-12.3607	9.45	-12.45	-1.81824	-1.81825	
9.36921	-12.5451	-1.56619	-1.73184	9.35049	-12.5377	9.35	-12.55	-1.81823	-1.81823	
9.22778	-12.6618	-2.10655	-1.63046	9.33568	-12.8372	9.2	-12.65	-2.72578	-1.81718	
9.10836	-12.7504	-2.12237	-1.63598	9.04708	-12.7528	9.05	-12.75	-2.72576	-1.81717	
8.9975	-12.8462	-2.03436	-1.7448	8.97697	-12.8161	8.95	-12.85	-1.8192	-1.81921	
8.88373	-12.9414	-2.04327	-1.74773	8.84904	-12.9423	8.85	-12.95	-1.81921	-1.81921	
8.72166	-13.0397	-2.3933	-1.72225	8.64934	-12.9537	8.7	-13.05	-2.72781	-1.81854	
8.58813	-13.1347	-2.40495	-1.72835	8.5479	-13.1496	8.55	-13.15	-2.7278	-1.81853	
8.38027	-13.162	-3.28751	-0.677113	8.43462	-13.263	8.4	-13.15	-2.72644	0	
8.20163	-13.1967	-3.26797	-0.663046	8.26001	-13.1483	8.25	-13.15	-2.72641	0	
8.09077	-13.1698	-2.98721	-0.160525	8.10139	-13.1447	8.1	-13.15	-3.00083	0	
7.94158	-13.1767	-2.98356	-0.156832	7.95138	-13.1593	7.95	-13.15	-3.00084	0	
7.81401	-13.2158	-2.62793	-0.551522	7.85182	-13.2702	7.8	-13.2	-2.72553	-0.908516	
7.6683	-13.247	-2.63657	-0.556942	7.64076	-13.2654	7.65	-13.25	-2.72554	-0.908516	
7.47767	-13.2188	-3.20261	0.299506	7.51359	-13.2891	7.5	-13.2	-2.72544	0.908483	
7.3031	-13.199	-3.18366	0.314006	7.35762	-13.1417	7.35	-13.15	-2.72544	0.908483	
7.17685	-13.1887	-2.785	0.126424	7.19553	-13.2012	7.2	-13.15	-2.73035	0	
7.0248	-13.1804	-2.77574	0.132726	7.05296	-13.1563	7.05	-13.15	-2.73035	0	
6.85566	-13.1644	-2.95201	0.318235	6.87644	-13.2105	6.85	-13.15	-3.63616	0	
6.69212	-13.1458	-2.95668	0.318624	6.672	-13.1364	6.65	-13.15	-3.63617	0	
6.55255	-13.1639	-2.67189	-0.179862	6.53838	-13.1322	6.55	-13.15	-1.81656	0	
6.40811	-13.1738	-2.65464	-0.173431	6.46904	-13.1587	6.45	-13.15	-1.81657	0	
6.26455	-13.1107	-2.76248	0.572428	6.22921	-13.0167	6.3	-13.1	-2.73109	0.910352	
6.114	-13.0765	-2.74812	0.582717	6.15723	-13.0319	6.15	-13.05	-2.73109	0.91036	
5.97453	-12.9478	-2.84321	1.61522	5.95573	-12.8757	6	-12.95	-2.72331	1.81553	
5.81934	-12.8583	-2.83226	1.62008	5.85711	-12.8423	5.85	-12.85	-2.72331	1.81554	
5.69919	-12.8071	-2.50911	1.17809	5.73901	-12.8863	5.7	-12.8	-2.72842	0.909475	
5.56123	-12.7432	-2.51127	1.17571	5.5559	-12.7556	5.55	-12.75	-2.72839	0.909466	
5.40058	-12.6499	-2.76955	1.6132	5.41889	-12.699	5.4	-12.65	-2.731	1.82067	
5.24774	-12.56	-2.77163	1.61486	5.23681	-12.5467	5.25	-12.55	-2.731	1.82066	
5.14119	-12.4607	-2.45666	1.68642	5.16911	-12.5003	5.15	-12.45	-1.81821	1.8182	
5.00761	-12.3677	-2.44511	1.69057	5.04959	-12.3548	5.05	-12.35	-1.8182	1.8182	
4.94674	-12.2634	-2.04329	1.89817	4.99996	-12.3538	4.95	-12.25	-1.99957	1.99957	
4.84503	-12.1669	-2.0364	1.9029	4.86969	-12.1416	4.85	-12.15	-1.99954	1.99955	
4.82505	-12.0638	-1.39794	1.81137	4.83937	-12.0439	4.8	-12.05	-0.999954	1.99993	
4.75513	-11.9708	-1.39236	1.81719	4.77326	-11.9345	4.75	-11.95	-0.999959	1.99992	
4.64212	-11.8082	-1.83215	2.66142	4.5839	-11.6711	4.65	-11.8	-2.0002	3.00031	
4.54953	-11.6721	-1.83235	2.66645	4.54148	-11.6336	4.55	-11.65	-2.0002	3.0003	
4.53067	-11.58	-1.1523	1.98217	4.53697	-11.5591	4.55	-11.55	0	1.99749	
4.47518	-11.4803	-1.13466	1.9885	4.55238	-11.4548	4.55	-11.45	0	1.99746	
4.46635	-11.2478	-0.943888	3.36656	4.47604	-11.2089	4.5	-11.25	-0.90916	3.63662	
4.41575	-11.0628	-0.933963	3.36952	4.45629	-11.0538	4.45	-11.05	-0.909152	3.63659	
4.42741	-10.9711	-0.211579	2.03204	4.39651	-10.8822	4.45	-10.95	0	1.81807	
4.4174	-10.8606	-0.201996	2.03271	4.45899	-10.8664	4.45	-10.85	0	1.81808	
4.44681	-10.7054	0.00934057	2.55522	4.493	-10.7885	4.45	-10.7	0	2.72865	
4.44689	-10.5641	0.00818917	2.55649	4.44058	-10.5544	4.45	-10.55	0	2.72864	
4.45268	-10.4179	0.0509217	2.58692	4.44399	-10.3941	4.45	-10.4	0	2.72392	
4.45442	-10.2732	0.0486603	2.59053	4.44086	-10.2469	4.45	-10.25	0	2.72391	
4.50025	-10.1282	0.377848	2.59016	4.53203	-10.1814	4.5	-10.1	0.909624	2.72885	
4.52119	-9.98362	0.385028	2.59684	4.54793	-9.94716	4.55	-9.95	0.909615	2.72884	
4.60958	-9.81307	0.94195	2.68155	4.57622	-9.70974	4.6	-9.8	0.909111	2.72733	
4.66018	-9.66334	0.938958	2.68474	4.64364	-9.63888	4.65	-9.65	0.909107	2.72732	
4.74542	-9.51906	1.21922	2.60852	4.76627	-9.54952	4.75	-9.5	1.81921	2.7288	
4.81287	-9.37566	1.22258	2.60988	4.82761	-9.37054	4.85	-9.35	1.81921	2.7288	
4.90264	-9.20407	1.37055	2.86294	4.89701	-9.18082	4.9	-9.2	0.908739	2.72622	
4.97657	-9.0453	1.36319	2.86229	4.94177	-9.04086	4.95	-9.05	0.908743	2.72623	
5.04436	-8.96822	1.42235	2.04614	5.09012	-9.06486	5.05	-8.95	1.8169	1.81688	
5.12298	-8.85525	1.42594	2.04843	5.1385	-8.8446	5.15	-8.85	1.81688	1.81688	
5.23795	-8.69823	1.69118	2.4104	5.21345	-8.63875	5.25	-8.7	1.8201	2.73014	
5.33069	-8.5648	1.69324	2.41345	5.33853	-8.54729	5.35	-8.55	1.82008	2.73013	
5.40079	-8.45013	1.56091	2.20278	5.35874	-8.39385	5.4	-8.45	0.910244	1.82049	
5.48639	-8.33047	1.55521	2.19707	5.46213	-8.36055	5.45	-8.35	0.910249	1.8205	
5.55242	-8.20889	1.33333	2.48179	5.63723	-8.3352	5.55	-8.2	1.99657	2.99484	
5.61929	-8.08363	1.3374	2.48589	5.63863	-8.05978	5.65	-8.05	1.99657	2.99485	
5.76222	-7.95051	2.09253	2.15976	5.69655	-7.84304	5.75	-7.95	1.81871	1.81872	
5.87641	-7.832	2.08561	2.15531	5.84353	-7.85177	5.85	-7.85	1.81871	1.81871	
5.98848	-7.7426	2.16198	1.80104	5.9537	-7.7033	6	-7.75	2.72961	1.81974	
6.10947	-7.64576	2.16842	1.79979	6.14453	-7.66253	6.15	-7.65	2.72961	1.81974	
6.23476	-7.52559	2.23585	2.11991	6.27	-7.55894	6.25	-7.55	1.9992	1.9992	
6.34688	-7.42052	2.23393	2.11649	6.3386	-7.44193	6.35	-7.45	1.99918	1.99918	
6.44774	-7.3238	2.06224	1.9607	6.44365	-7.32743	6.45	-7.35	1.81911	1.81911	
6.56172	-7.21786	2.05882	1.95376	6.54947	-7.257	6.55	-7.25	1.81909	1.81909	
6.65294	-7.15351	1.95577	1.70186	6.71635	-7.22979	6.65	-7.15	1.99996	1.99996	
6.74977	-7.06665	1.95707	1.70713	6.7522	-7.03215	6.75	-7.05	1.99996	1.99996	
6.8591	-7.00625	2.18389	1.36718	6.81357	-6.96259	6.85	-7	1.99752	0.998765	
6.96751	-6.93719	2.18113	1.36674	6.95051	-6.93564	6.95	-6.95	1.99752	0.998765	
7.08898	-6.84825	2.24732	1.42231	7.00414	-6.76319	7.1	-6.85	2.73035	1.82023	
7.21425	-6.77063	2.25531	1.42667	7.25571	-6.75585	7.25	-6.75	2.73035	1.82023	
7.33433	-6.64696	2.25898	1.8905	7.28718	-6.59248	7.35	-6.65	2.0006	2.0006	
7.44623	-6.55181	2.2563	1.89025	7.42947	-6.54884	7.45	-6.55	2.00058	2.00058	
7.55865	-6.50312	2.33649	1.45317	7.58756	-6.53752	7.55	-6.5	1.99841	0.999204	
7.67472	-6.43033	2.33257	1.4502	7.65263	-6.44325	7.65	-6.45	1.99838	0.999195	
7.82022	-6.40022	2.79017	0.926186	7.78988	-6.37954	7.8	-6.4	2.99952	0.999844	
7.95924	-6.35326	2.79021	0.928197	7.95705	-6.33998	7.95	-6.35	2.99949	0.999829	
8.04792	-6.25482	1.86133	1.62718	8.1289	-6.31809	8.05	-6.25	1.81603	1.81603	
8.14991	-6.16427	1.86246	1.63136	8.15184	-6.14215	8.15	-6.15	1.81603	1.81603	
8.2507	-6.04453	1.8901	1.83033	8.12981	-5.95044	8.25	-6.05	1.81921	1.81921	
8.35447	-5.94413	1.88875	1.82842	8.34844	-5.95288	8.35	-5.95	1.81921	1.81921	
8.50933	-5.90262	2.64192	1.12238	8.45627	-5.87026	8.5	-5.9	2.729	0.909673	
8.65388	-5.84052	2.64058	1.12271	8.64546	-5.83668	8.65	-5.85	2.72898	0.909661	
8.7858	-5.75289	2.53497	1.32145	8.68227	-5.68169	8.8	-5.75	2.72771	1.81848	
8.92638	-5.6801	2.54007	1.32655	8.95179	-5.66017	8.95	-5.65	2.72772	1.81848	
9.03003	-5.55301	2.18232	1.90443	8.99196	-5.51961	9.05	-5.55	1.99939	1.9994	
9.13991	-5.45793	2.18438	1.90576	9.15234	-5.45358	9.15	-5.45	1.9994	1.9994	
9.24392	-5.39799	2.08701	1.54647	9.25593	-5.41629	9.25	-5.4	1.81776	0.90888	
9.35846	-5.31351	2.08412	1.54125	9.3462	-5.33648	9.35	-5.35	1.81776	0.908875	
9.41268	-5.19077	1.352	1.97765	9.35852	-5.15981	9.45	-5.2	1.81545	2.72317	
9.49152	-5.08302	1.36324	1.98305	9.55586	-5.07162	9.55	-5.05	1.81542	2.72314	
9.62278	-4.93324	1.96225	2.20399	9.60543	-4.91132	9.65	-4.95	1.82145	1.82147	
9.73257	-4.81364	1.96468	2.19979	9.75218	-4.8384	9.75	-4.85	1.82146	1.82146	
9.83638	-4.75198	1.85946	1.7917	10.0131	-4.84834	9.85	-4.75	1.81961	1.8196	
9.94002	-4.65416	1.86204	1.79107	9.9571	-4.66087	9.95	-4.65	1.8196	1.8196	
10.04	-4.5425	1.94188	1.94353	9.99978	-4.51909	10.05	-4.55	1.99827	1.99828	
10.1382	-4.44532	1.94473	1.9461	10.1558	-4.43582	10.15	-4.45	1.99826	1.99826	
10.225	-4.29223	1.67959	2.33884	10.1567	-4.25503	10.25	-4.3	1.81693	2.72538	
10.3185	-4.16388	1.68151	2.33876	10.3312	-4.16698	10.35	-4.15	1.81692	2.72536	
10.4251	-4.06166	1.95239	2.07621	10.3715	-4.04505	10.45	-4.05	1.81951	1.8195	
10.5339	-3.94776	1.95595	2.0785	10.5551	-3.94162	10.55	-3.95	1.8195	1.81951	
10.6348	-3.84317	1.8788	2.01589	10.6459	-3.84961	10.65	-3.85	1.81817	1.81818	
10.7389	-3.73285	1.87953	2.01333	10.746	-3.7455	10.75	-3.75	1.81816	1.81817	
10.8423	-3.61217	1.76809	2.12447	10.9384	-3.6422	10.85	-3.6	1.81621	2.7243	
10.9394	-3.49385	1.77038	2.13485	10.9457	-3.45027	10.95	-3.45	1.8162	2.7243	
11.0012	-3.30615	1.12857	2.76669	11.1095	-3.32648	11	-3.3	0.908632	2.72588	
11.0619	-3.15382	1.12554	2.76443	11.0435	-3.16012	11.05	-3.15	0.908632	2.72588	
11.1086	-2.98825	1.0451	2.85446	10.9851	-2.95299	11.1	-3	0.909905	2.72971	
11.1655	-2.83201	1.04275	2.84813	11.1542	-2.85724	11.15	-2.85	0.909888	2.72968	
11.1428	-2.69437	0.191573	2.76935	11.0233	-2.67356	11.15	-2.7	0	2.72847	
11.1519	-2.54234	0.188276	2.76496	11.1324	-2.55807	11.15	-2.55	0	2.72844	
11.1589	-2.40087	0.0620111	2.70981	11.2541	-2.42353	11.15	-2.4	0	2.72732	
11.1621	-2.25219	0.0609512	2.70638	11.1569	-2.2658	11.15	-2.25	0	2.72732	
11.2695	-2.10265	1.41605	2.60128	11.2203	-2.08998	11.25	-2.1	1.81905	2.72856	
11.3473	-1.95925	1.41644	2.60457	11.3482	-1.94557	11.35	-1.95	1.81905	2.72856	
11.2914	-1.79293	-0.389697	2.90656	11.3928	-1.80815	11.3	-1.8	-0.90916	2.72747	
11.2675	-1.63308	-0.394038	2.9037	11.2389	-1.64141	11.25	-1.65	-0.909152	2.72745	
11.2698	-1.50376	-0.135642	2.66837	11.3341	-1.51762	11.25	-1.5	0	2.72321	
11.2622	-1.35654	-0.135495	2.67036	11.2625	-1.34833	11.25	-1.35	0	2.72321	
11.2098	-1.18408	-0.821619	2.89855	11.3121	-1.19064	11.2	-1.2	-0.909524	2.72856	
11.1641	-1.02551	-0.823158	2.89125	11.1556	-1.0549	11.15	-1.05	-0.909524	2.72856	
11.0417	-0.890852	-1.74768	2.74016	10.9982	-0.893223	11.05	-0.9	-1.81945	2.72916	
10.9455	-0.740057	-1.74777	2.74177	10.9445	-0.73319	10.95	-0.75	-1.81942	2.72913	
10.8847	-0.588945	-1.25048	2.73172	10.8362	-0.586	10.9	-0.599999	-0.909839	2.72952	
10.8178	-0.43893	-1.24748	2.73161	10.8388	-0.441032	10.85	-0.449999	-0.909822	2.72949	
10.6403	-0.349774	-2.69785	2.38752	10.6309	-0.359954	10.7	-0.349999	-2.99538	1.99692	
10.509	-0.230653	-2.69232	2.38475	10.5529	-0.247121	10.55	-0.25	-2.99539	1.99691	
10.4218	-0.179927	-1.89002	1.76314	10.4322	-0.19515	10.45	-0.2	-1.81715	0.908579	
10.3204	-0.0843438	-1.88592	1.75017	10.3505	-0.143257	10.35	-0.15	-1.81716	0.908579	
10.1726	-0.0906017	-2.47064	0.969972	10.2068	-0.109014	10.2	-0.0999996	-2.73194	0.910655	
10.0384	-0.0375067	-2.46842	0.968585	10.0541	-0.0441275	10.05	-0.0499992	-2.73194	0.910655	
9.89462	0.00925845	-2.56399	0.918063	9.89001	0.00816785	9.9	9.49949e-07	-2.72481	0.908268	
9.75389	0.0597161	-2.56329	0.917281	9.75876	0.0560308	9.75	0.0500011	-2.72477	0.90826	
9.65696	0.0955562	-1.9807	0.805588	9.63528	0.0929341	9.65	0.100001	-1.81759	0.908784	
9.54973	0.140105	-1.97787	0.80769	9.56967	0.149506	9.55	0.15	-1.81757	0.908775	
9.41329	0.15111	-2.48136	0.541069	9.56225	0.148577	9.4	0.15	-2.72659	0	
9.27488	0.180193	-2.48437	0.534609	9.25348	0.150166	9.25	0.15	-2.72658	0	
9.12586	0.208865	-2.59895	0.528458	9.0821	0.207802	9.1	0.2	-2.72925	0.909752	
8.97923	0.237941	-2.60513	0.529436	8.93575	0.243169	8.95	0.25	-2.72926	0.909752	
8.83269	0.262097	-2.76288	0.486187	8.94634	0.26481	8.8	0.25	-2.72783	0	
8.6778	0.28808	-2.7675	0.479271	8.64483	0.254352	8.65	0.25	-2.7278	0	
8.52365	0.260478	-2.73635	0.0452715	8.46866	0.251128	8.5	0.25	-2.72395	0	
8.37172	0.262705	-2.73832	0.0428261	8.35775	0.250149	8.35	0.25	-2.72395	0	
8.22576	0.20351	-2.73807	-0.46446	8.28111	0.196974	8.2	0.2	-2.73278	-0.910929	
8.07177	0.177525	-2.74397	-0.468779	8.03004	0.154113	8.05	0.15	-2.73279	-0.910929	
7.84629	0.156014	-3.77302	-0.457905	7.74678	0.154598	7.85	0.15	-3.9992	0	
7.656	0.133238	-3.77541	-0.456229	7.63715	0.143302	7.65	0.15	-3.99916	0	
7.5776	0.151258	-2.35864	-0.0907595	7.61982	0.157052	7.55	0.15	-1.99868	0	
7.45804	0.146885	-2.36096	-0.0886247	7.43926	0.160393	7.45	0.15	-1.99866	0	
7.30592	0.106096	-2.69249	-0.400815	7.34481	0.102019	7.3	0.100001	-2.72622	-0.908734	
7.15852	0.0834739	-2.69119	-0.40734	7.16771	0.0463372	7.15	0.0500011	-2.72623	-0.908734	
7.05515	-0.0399609	-2.08621	-1.28044	7.05721	-0.05037	7.05	-0.0499995	-1.81887	-1.81889	
6.94126	-0.110874	-2.08493	-1.28637	6.95035	-0.144849	6.95	-0.15	-1.81888	-1.81889	
6.8446	-0.236838	-1.86176	-1.771	6.87212	-0.243254	6.85	-0.25	-1.81792	-1.81792	
6.7439	-0.334521	-1.85904	-1.7736	6.76317	-0.34818	6.75	-0.35	-1.81792	-1.81792	
6.64607	-0.444929	-1.9092	-1.88322	6.75759	-0.453523	6.65	-0.45	-1.81881	-1.8188	
6.54295	-0.548671	-1.90622	-1.88444	6.56412	-0.553924	6.55	-0.549999	-1.81879	-1.81878	
6.45998	-0.742495	-1.69849	-2.68761	6.60438	-0.765755	6.45	-0.749999	-1.81971	-3.63941	
6.36685	-0.890941	-1.69911	-2.69619	6.36344	-0.942514	6.35	-0.949999	-1.81969	-3.63937	
6.37534	-1.09823	-0.433554	-3.42428	6.35624	-1.10001	6.35	-1.1	0	-2.99522	
6.35412	-1.26958	-0.432389	-3.42185	6.36321	-1.25111	6.35	-1.25	0	-2.99519	
6.33897	-1.41834	-0.325658	-3.06794	6.30992	-1.40686	6.35	-1.4	0	-2.72817	
6.32319	-1.58704	-0.321161	-3.06373	6.35537	-1.55723	6.35	-1.55	0	-2.72817	
6.34538	-1.70674	-0.0295884	-2.61252	6.50996	-1.74616	6.35	-1.7	0	-2.72628	
6.34431	-1.85041	-0.028086	-2.61036	6.35448	-1.83673	6.35	-1.85	0	-2.72628	
6.33647	-2.00481	-0.144438	-2.69032	6.38849	-2.02257	6.35	-2	0	-2.73154	
6.32986	-2.15269	-0.141434	-2.68809	6.35078	-2.13767	6.35	-2.15	0	-2.73152	
6.32467	-2.28996	-0.079491	-2.72725	6.28921	-2.27735	6.35	-2.3	0	-2.99503	
6.32183	-2.42706	-0.0781597	-2.72902	6.33355	-2.43768	6.35	-2.45	0	-2.99503	
6.36952	-2.59206	0.65211	-2.97071	6.30986	-2.56694	6.4	-2.6	0.909996	-2.73	
6.4088	-2.75643	0.658548	-2.97072	6.45623	-2.7536	6.45	-2.75	0.91	-2.73	
6.45895	-2.89898	0.851275	-2.81464	6.40481	-2.87127	6.5	-2.9	0.907593	-2.72277	
6.50773	-3.05414	0.857139	-2.80886	6.54629	-3.01951	6.55	-3.05	0.907584	-2.72274	
6.5295	-3.23444	0.418118	-2.93103	6.70928	-3.32749	6.55	-3.25	0	-3.63617	
6.55373	-3.39727	0.416206	-2.94139	6.54763	-3.45513	6.55	-3.45	0	-3.63613	
6.58476	-3.58818	0.628954	-3.26763	6.52015	-3.55608	6.6	-3.6	0.909673	-2.72901	
6.62017	-3.76755	0.633166	-3.26219	6.64571	-3.73674	6.65	-3.75	0.909661	-2.72898	
6.7083	-3.85326	1.11481	-2.47065	6.71319	-3.83967	6.75	-3.85	1.81795	-1.81795	
6.77342	-3.98974	1.12741	-2.46061	6.85201	-3.93663	6.85	-3.95	1.81793	-1.81793	
6.88819	-4.1397	1.51829	-2.55601	7.13409	-4.28567	6.9	-4.15	0.909979	-3.63994	
6.9719	-4.28137	1.51457	-2.56488	6.9548	-4.32855	6.95	-4.35	0.909975	-3.6399	
6.99108	-4.42853	0.773233	-2.47964	7.00947	-4.44692	7	-4.45	0.907889	-1.81577	
7.03464	-4.56522	0.776801	-2.47675	7.05586	-4.55105	7.05	-4.55	0.907881	-1.81576	
7.10927	-4.71897	1.12437	-2.67899	7.15974	-4.75194	7.1	-4.7	0.909789	-2.72935	
7.16759	-4.86361	1.12004	-2.67284	7.13261	-4.82718	7.15	-4.85	0.909777	-2.72933	
7.27945	-5.021	1.707	-2.87953	7.2829	-5.01975	7.25	-5	1.81861	-2.72792	
7.37053	-5.17716	1.70363	-2.87437	7.34301	-5.14642	7.35	-5.15	1.81859	-2.72789	
7.40613	-5.31362	1.2103	-2.75133	7.32687	-5.26205	7.4	-5.3	0.999994	-3	
7.46632	-5.45099	1.2097	-2.75121	7.46174	-5.44979	7.45	-5.45	0.999999	-3	
7.54784	-5.55184	1.34852	-2.35282	7.47116	-5.48352	7.55	-5.55	1.81749	-1.81749	
7.6235	-5.68129	1.3552	-2.34698	7.65989	-5.6552	7.65	-5.65	1.81747	-1.81747	
7.70123	-5.7987	1.27988	-2.17923	7.78563	-5.85993	7.7	-5.8	0.909598	-2.72881	
7.77159	-5.91968	1.27533	-2.1872	7.75276	-5.95823	7.75	-5.95	0.909594	-2.72878	
7.84323	-6.04472	1.35043	-2.27317	7.79663	-6.00945	7.85	-6.05	1.81964	-1.81964	
7.91894	-6.16993	1.35625	-2.26929	7.95034	-6.15505	7.95	-6.15	1.81962	-1.81962	
8.04646	-6.30978	2.0723	-2.66856	8.04642	-6.30578	8.05	-6.3	1.99731	-2.99599	
8.15021	-6.44347	2.07194	-2.66913	8.14855	-6.44643	8.15	-6.45	1.99732	-2.99598	
8.20094	-6.54849	1.19933	-2.04012	8.26534	-6.60186	8.2	-6.55	0.909111	-1.81822	
8.26581	-6.65983	1.19754	-2.03872	8.25279	-6.64996	8.25	-6.65	0.909111	-1.81822	
8.31548	-6.80864	1.21886	-2.43456	8.2109	-6.73286	8.3	-6.8	0.90845	-2.72534	
8.38109	-6.94209	1.21398	-2.43663	8.35448	-6.94719	8.35	-6.95	0.908442	-2.72531	
8.48931	-7.11614	1.62722	-2.82483	8.61718	-7.22425	8.45	-7.1	1.81925	-2.72886	
8.57629	-7.26943	1.62297	-2.82183	8.54666	-7.24803	8.55	-7.25	1.81924	-2.72886	
8.67858	-7.37204	1.61444	-2.34341	8.69659	-7.3744	8.65	-7.35	1.82079	-1.8208	
8.76431	-7.4969	1.61456	-2.33136	8.74711	-7.43338	8.75	-7.45	1.8208	-1.8208	
8.83278	-7.62123	1.64599	-2.4937	8.68846	-7.50096	8.8	-7.6	0.997629	-2.99288	
8.91186	-7.74481	1.63538	-2.498	8.84984	-7.75349	8.85	-7.75	0.997629	-2.99288	
8.91305	-7.89908	0.876575	-2.53238	8.77486	-7.80083	8.9	-7.9	0.909127	-2.72742	
8.96125	-8.03962	0.872022	-2.53952	8.94604	-8.07116	8.95	-8.05	0.909127	-2.7274	
8.98128	-8.16538	0.605356	-2.38081	8.92041	-8.11276	9	-8.15	0.909524	-1.81903	
9.01325	-8.2932	0.609848	-2.3685	9.01893	-8.23506	9.05	-8.25	0.909516	-1.81902	
9.08297	-8.4139	0.99496	-2.41392	9.04724	-8.3711	9.1	-8.4	0.909922	-2.72975	
9.13872	-8.54646	1.00043	-2.4098	9.1628	-8.53304	9.15	-8.55	0.909913	-2.72976	
9.22716	-8.68848	1.50176	-2.72245	9.09379	-8.55764	9.25	-8.7	1.8169	-2.72535	
9.31254	-8.84023	1.50839	-2.72325	9.3508	-8.85468	9.35	-8.85	1.81688	-2.72532	
9.38955	-8.95993	1.35261	-2.40132	9.40597	-8.96981	9.4	-9	0.910219	-2.73069	
9.46496	-9.09545	1.3459	-2.41609	9.45338	-9.162	9.45	-9.15	0.910228	-2.73069	
9.47205	-9.28708	0.888349	-2.89015	9.51544	-9.36256	9.5	-9.3	0.997908	-2.99371	
9.51993	-9.43424	0.896433	-2.89054	9.56994	-9.45148	9.55	-9.45	0.997908	-2.99372	
9.56062	-9.53748	0.579522	-2.24645	9.62711	-9.59131	9.6	-9.55	0.909971	-1.81993	
9.59565	-9.66262	0.589373	-2.24452	9.64603	-9.66938	9.65	-9.65	0.909954	-1.81992	
9.62734	-9.78608	0.577196	-2.23813	9.63311	-9.79216	9.65	-9.8	0	-2.73054	
9.65958	-9.91164	0.571426	-2.24892	9.64842	-9.95866	9.65	-9.95	0	-2.73053	
9.69988	-10.068	0.8948	-2.80338	9.61381	-9.98703	9.7	-10.1	0.998187	-2.99456	
9.74599	-10.2108	0.893312	-2.81025	9.7516	-10.2483	9.75	-10.25	0.998187	-2.99455	
9.78333	-10.367	0.795135	-2.80439	9.7698	-10.3568	9.8	-10.4	0.909806	-2.7294	
9.8294	-10.5229	0.801251	-2.80519	9.8633	-10.5382	9.85	-10.55	0.909797	-2.72938	
9.83701	-10.659	0.369705	-2.48297	9.8617	-10.6917	9.85	-10.7	0	-2.72718	
9.858	-10.7989	0.362746	-2.49584	9.84674	-10.8547	9.85	-10.85	0	-2.72715	
9.83335	-10.9521	0.0561875	-2.59395	9.75887	-10.887	9.85	-11	0	-2.72395	
9.83906	-11.0986	0.0581808	-2.60198	9.86442	-11.1448	9.85	-11.15	0	-2.72395	
9.8351	-11.2648	0.0187134	-2.76831	9.87244	-11.316	9.85	-11.3	0	-2.73074	
9.83754	-11.419	0.0193702	-2.77322	9.85036	-11.4464	9.85	-11.45	0	-2.73075	
9.84447	-11.5766	9.23568e-05	-2.73842	9.93142	-11.6783	9.85	-11.6	0	-2.72396	
9.84388	-11.7275	-0.00331705	-2.74073	9.83174	-11.7336	9.85	-11.75	0	-2.72396	
9.81352	-11.8652	-0.277562	-2.657	9.80843	-11.8702	9.8	-11.9	-1.0005	-3.00149	
9.79827	-12.0003	-0.291334	-2.67007	9.75331	-12.0506	9.75	-12.05	-1.0005	-3.0015	
9.64953	-12.1293	-1.57495	-2.03888	9.64519	-12.1714	9.65	-12.15	-1.81799	-1.81797	
9.56232	-12.2407	-1.57595	-2.0378	9.55524	-12.2329	9.55	-12.25	-1.81797	-1.81797	
9.46771	-12.4103	-1.48538	-2.60503	9.47014	-12.4324	9.45	-12.4	-1.82042	-2.73064	
9.3838	-12.5529	-1.49627	-2.60962	9.34172	-12.5587	9.35	-12.55	-1.82041	-2.73063	
9.23782	-12.6637	-2.16639	-2.20358	9.21558	-12.6577	9.25	-12.65	-1.99893	-1.99891	
9.13078	-12.7731	-2.15685	-2.19688	9.16462	-12.7506	9.15	-12.75	-1.99891	-1.9989	
9.06679	-12.8442	-1.83185	-1.8228	9.08802	-12.8351	9.05	-12.85	-1.81839	-1.81839	
8.96566	-12.9442	-1.83329	-1.82298	8.95936	-12.9426	8.95	-12.95	-1.81838	-1.81838	
8.78301	-13.0071	-2.72485	-1.05323	8.8569	-13.1416	8.8	-13	-2.72942	-0.909806	
8.634	-13.0639	-2.71789	-1.04769	8.65422	-13.0444	8.65	-13.05	-2.72941	-0.909806	
8.51482	-13.1361	-2.49688	-1.34855	8.49168	-13.0983	8.5	-13.15	-2.99987	-1.99991	
8.38834	-13.205	-2.51002	-1.35761	8.3436	-13.2381	8.35	-13.25	-2.99984	-1.9999	
8.23921	-13.1697	-2.9544	-0.210587	8.19421	-13.0768	8.25	-13.2	-1.99797	0.998985	
8.09384	-13.1793	-2.93753	-0.201066	8.15674	-13.1486	8.15	-13.15	-1.99797	0.998985	
7.99151	-13.2007	-2.40678	-0.500045	7.9999	-13.1879	8	-13.2	-2.73	-0.910004	
7.85939	-13.2298	-2.41027	-0.504896	7.85314	-13.2533	7.85	-13.25	-2.73	-0.910004	
7.64407	-13.2182	-3.13688	0.0737783	7.57824	-13.1345	7.65	-13.25	-3.62957	0	
7.47088	-13.2158	-3.14341	0.0674627	7.45422	-13.2433	7.45	-13.25	-3.62953	0	
7.30817	-13.2285	-3.0446	-0.100964	7.33241	-13.2718	7.3	-13.25	-2.7301	0	
7.1405	-13.2341	-3.04718	-0.102138	7.13166	-13.2372	7.15	-13.25	-2.73007	0	
6.99169	-13.2129	-2.94061	0.110113	6.97467	-13.1643	7	-13.25	-2.72703	0	
6.83138	-13.2096	-2.93832	0.105641	6.84852	-13.2404	6.85	-13.25	-2.727	0	
6.66456	-13.1725	-3.10114	0.564936	6.7113	-13.2598	6.7	-13.2	-2.72742	0.909144	
6.49716	-13.1437	-3.08641	0.566058	6.55626	-13.1584	6.55	-13.15	-2.72742	0.909144	
6.36781	-13.0538	-2.85024	1.02862	6.32545	-12.9303	6.4	-13.1	-2.72703	0.908994	
6.21367	-13.0015	-2.8434	1.02284	6.25112	-13.0473	6.25	-13.05	-2.727	0.908995	
6.07309	-12.9565	-2.71758	0.90365	6.09711	-13.0021	6.1	-13	-2.73	0.910004	
5.92606	-12.9113	-2.71312	0.896705	5.95513	-12.9613	5.95	-12.95	-2.72998	0.909996	
5.7891	-12.8818	-2.79459	0.952625	5.89343	-13.1185	5.8	-12.9	-2.99275	0.99759	
5.64963	-12.8344	-2.79127	0.953289	5.6635	-12.8347	5.65	-12.85	-2.99275	0.99758	
5.55182	-12.7439	-2.49643	1.39906	5.61778	-12.8527	5.55	-12.75	-1.81993	1.81994	
5.4155	-12.6645	-2.48451	1.40784	5.45219	-12.6228	5.45	-12.65	-1.81994	1.81994	
5.33629	-12.5373	-2.09997	1.76917	5.30917	-12.4284	5.35	-12.55	-1.81722	1.81723	
5.22202	-12.4408	-2.09281	1.76993	5.25069	-12.4448	5.25	-12.45	-1.81721	1.81721	
5.09346	-12.3351	-2.25775	1.99954	5.13338	-12.4375	5.1	-12.35	-2.72881	1.8192	
4.96936	-12.2284	-2.26514	1.99123	4.9499	-12.2734	4.95	-12.25	-2.72881	1.81921	
4.90281	-12.1389	-1.79118	1.67675	4.92993	-12.1787	4.9	-12.15	-0.908467	1.81693	
4.80545	-12.0464	-1.78181	1.68004	4.84027	-12.0359	4.85	-12.05	-0.908462	1.81692	
4.74417	-11.8741	-1.69503	2.6635	4.79909	-11.9738	4.75	-11.9	-1.81788	2.72684	
4.65095	-11.7296	-1.69956	2.65838	4.63814	-11.758	4.65	-11.75	-1.81788	2.72683	
4.5765	-11.6271	-1.39587	1.9205	4.50688	-11.4491	4.6	-11.65	-0.909963	1.81994	
4.50159	-11.5237	-1.38729	1.91928	4.5399	-11.541	4.55	-11.55	-0.909959	1.81992	
4.46605	-11.311	-1.25165	3.085	4.46798	-11.2692	4.5	-11.35	-0.909227	3.63689	
4.39956	-11.1434	-1.2387	3.08527	4.45518	-11.1556	4.45	-11.15	-0.909218	3.63686	
4.39943	-11.0575	-0.610924	2.13778	4.47788	-11.2387	4.4	-11.05	-0.909227	1.81845	
4.3661	-10.9409	-0.61119	2.13592	4.36691	-10.9529	4.35	-10.95	-0.909222	1.81844	
4.38653	-10.8036	-0.167516	2.1478	4.34978	-10.6819	4.4	-10.8	0.9094	2.72823	
4.37845	-10.6843	-0.155782	2.15374	4.42489	-10.6572	4.45	-10.65	0.909396	2.72819	
4.42344	-10.5063	0.1347	2.92197	4.45256	-10.5332	4.45	-10.5	0	3.00113	
4.43054	-10.36	0.138348	2.92374	4.44692	-10.3512	4.45	-10.35	0	3.00113	
4.48743	-10.1961	0.611212	2.83153	4.41237	-9.99477	4.5	-10.2	0.999524	2.99855	
4.519	-10.0545	0.618674	2.83405	4.5556	-10.0446	4.55	-10.05	0.999524	2.99856	
4.58487	-9.89556	0.904656	2.9235	4.57379	-9.85032	4.6	-9.9	0.998267	2.9948	
4.63113	-9.74984	0.909975	2.92427	4.65841	-9.75093	4.65	-9.75	0.998262	2.99479	
4.68921	-9.64398	1.18325	2.06913	4.60255	-9.4741	4.7	-9.65	0.910924	1.82187	
4.75401	-9.53077	1.18095	2.06752	4.74425	-9.53907	4.75	-9.55	0.910928	1.82186	
4.79627	-9.38114	0.918194	2.51438	4.78405	-9.35872	4.8	-9.4	0.908038	2.72411	
4.84811	-9.24411	0.923742	2.51376	4.87523	-9.25457	4.85	-9.25	0.908033	2.7241	
4.949	-9.0847	1.35042	2.58978	4.92663	-9.02336	4.95	-9.1	1.81851	2.72776	
5.02461	-8.94425	1.35451	2.58755	5.04624	-8.96378	5.05	-8.95	1.81852	2.72777	
5.13261	-8.78116	1.64237	2.69031	5.1055	-8.72095	5.15	-8.8	1.8165	2.72476	
5.22482	-8.63476	1.65013	2.69034	5.26299	-8.64398	5.25	-8.65	1.8165	2.72475	
5.33512	-8.53843	1.93715	2.07848	5.34134	-8.5519	5.35	-8.55	1.82159	1.8216	
5.44148	-8.425	1.93489	2.07592	5.43218	-8.43885	5.45	-8.45	1.82157	1.82157	
5.49107	-8.31841	1.39949	2.16224	5.5122	-8.36624	5.5	-8.35	0.908054	1.81609	
5.56801	-8.20088	1.39315	2.15564	5.54143	-8.23537	5.55	-8.25	0.908054	1.8161	
5.68674	-8.1521	1.91636	1.33524	5.72065	-8.20245	5.7	-8.15	2.72851	1.81902	
5.79334	-8.07746	1.92945	1.34505	5.85207	-8.0316	5.85	-8.05	2.72849	1.81899	
5.92525	-7.90282	1.88929	2.44696	5.99121	-7.96746	5.95	-7.9	1.81851	2.72777	
6.02957	-7.76784	1.89373	2.45049	6.04955	-7.75139	6.05	-7.75	1.81852	2.72777	
6.14899	-7.66861	2.06963	2.10486	6.20599	-7.74241	6.15	-7.65	1.81739	1.81739	
6.26246	-7.55295	2.06635	2.10249	6.2473	-7.56333	6.25	-7.55	1.81739	1.81739	
6.36646	-7.45225	1.97981	1.99917	6.39144	-7.48582	6.35	-7.45	1.8164	1.81641	
6.4746	-7.34242	1.97355	1.99457	6.44526	-7.36223	6.45	-7.35	1.81638	1.81638	
6.61356	-7.25815	2.29365	1.70818	6.66209	-7.31025	6.6	-7.25	2.72856	1.81904	
6.73945	-7.16331	2.29602	1.71218	6.74856	-7.14204	6.75	-7.15	2.72856	1.81904	
6.84271	-7.05899	2.04529	1.86722	6.83447	-7.05268	6.85	-7.05	1.82066	1.82066	
6.95634	-6.95734	2.04911	1.86747	6.97717	-6.96144	6.95	-6.95	1.82065	1.82065	
7.11236	-6.86833	2.60096	1.71043	7.13677	-6.88363	7.1	-6.85	2.99976	1.99984	
7.24201	-6.78145	2.60407	1.71633	7.2552	-6.74652	7.25	-6.75	2.99976	1.99984	
7.30204	-6.65287	1.80303	2.27439	7.234	-6.59525	7.3	-6.65	0.999384	1.99876	
7.38929	-6.53745	1.79416	2.27178	7.33491	-6.53948	7.35	-6.55	0.999369	1.99874	
7.54742	-6.56146	2.69953	0.71882	7.67988	-6.69347	7.5	-6.55	2.72747	0	
7.69401	-6.52215	2.68923	0.710054	7.64389	-6.55777	7.65	-6.55	2.72745	0	
7.77817	-6.46033	1.78204	1.23361	7.94309	-6.60222	7.75	-6.45	1.81623	1.81624	
7.87314	-6.3892	1.77882	1.24138	7.84566	-6.34021	7.85	-6.35	1.81623	1.81624	
8.02209	-6.32923	2.45661	0.949309	7.9171	-6.24084	8	-6.3	2.72648	0.908821	
8.15533	-6.27467	2.45642	0.956965	8.14601	-6.23101	8.15	-6.25	2.72645	0.908817	
8.2611	-6.11815	1.79094	2.08706	8.37368	-6.18614	8.25	-6.1	1.81898	2.72847	
8.35808	-6.00135	1.79192	2.09512	8.35502	-5.95811	8.35	-5.95	1.81897	2.72844	
8.53263	-5.93742	2.84698	1.37026	8.43843	-5.87193	8.5	-5.9	2.72647	0.90883	
8.68641	-5.86094	2.83898	1.36719	8.64201	-5.86567	8.65	-5.85	2.72645	0.908817	
8.781	-5.7624	2.10874	1.7151	8.76652	-5.75601	8.75	-5.75	1.81789	1.81788	
8.89369	-5.66623	2.10197	1.71595	8.85198	-5.65134	8.85	-5.65	1.81789	1.81788	
9.04231	-5.56333	2.59301	1.63229	8.91028	-5.47662	9	-5.55	2.73109	1.82073	
9.18111	-5.4719	2.58544	1.63239	9.13482	-5.45989	9.15	-5.45	2.73106	1.82072	
9.28752	-5.37031	2.10952	1.84057	9.32693	-5.39468	9.25	-5.35	1.81796	1.81795	
9.39844	-5.26698	2.09811	1.83855	9.33045	-5.26019	9.35	-5.25	1.81794	1.81793	
9.53449	-5.17472	2.44174	1.66894	9.4498	-5.12838	9.5	-5.15	2.72905	1.81937	
9.66565	-5.0808	2.43831	1.67531	9.63754	-5.04328	9.65	-5.05	2.72903	1.81935	
9.7266	-4.95515	1.53076	2.22067	9.83281	-5.00671	9.7	-4.95	0.998666	1.99733	
9.79961	-4.84288	1.52295	2.21745	9.74856	-4.84745	9.75	-4.85	0.998656	1.99731	
9.89566	-4.77109	1.71251	1.79301	9.96003	-4.81123	9.85	-4.75	1.8172	1.81719	
9.98585	-4.67098	1.70433	1.79197	9.93394	-4.66432	9.95	-4.65	1.81717	1.81717	
10.0932	-4.5689	1.81936	1.81437	10.1357	-4.58625	10.05	-4.55	1.82042	1.82043	
10.1892	-4.46735	1.81293	1.81769	10.1444	-4.44253	10.15	-4.45	1.82041	1.82042	
10.3416	-4.36785	2.46831	1.70288	10.3185	-4.35401	10.3	-4.35	2.72672	1.81782	
10.4749	-4.27277	2.46503	1.70713	10.4496	-4.24828	10.45	-4.25	2.7267	1.8178	
10.5161	-4.09854	1.12553	2.55323	10.5826	-4.11494	10.5	-4.1	0.908764	2.72628	
10.5762	-3.95742	1.12218	2.55352	10.5542	-3.95161	10.55	-3.95	0.908764	2.72628	
10.6723	-3.81368	1.54457	2.51838	10.6618	-3.80699	10.65	-3.8	1.8194	2.72911	
10.757	-3.67463	1.54569	2.52316	10.7602	-3.65417	10.75	-3.65	1.81939	2.72908	
10.8651	-3.56742	1.88179	2.23508	10.8593	-3.57039	10.85	-3.55	1.81839	1.81838	
10.9666	-3.44477	1.87656	2.2285	10.9375	-3.46792	10.95	-3.45	1.81838	1.81838	
11.0057	-3.29818	1.0412	2.51385	11.0183	-3.30073	11	-3.3	0.908549	2.72563	
11.0632	-3.15947	1.04219	2.51714	11.0672	-3.14607	11.05	-3.15	0.908549	2.72564	
11.1129	-3.01573	0.948807	2.56592	11.1054	-3.01303	11.1	-3	0.90888	2.72663	
11.163	-2.87347	0.946366	2.57112	11.1428	-2.8481	11.15	-2.85	0.908863	2.72661	
11.2131	-2.71241	0.937041	2.71498	11.1758	-2.69942	11.2	-2.7	0.909988	2.72995	
11.2631	-2.56239	0.935481	2.71957	11.2495	-2.5409	11.25	-2.55	0.909988	2.72995	
11.2203	-2.41129	-0.481696	2.88823	11.4549	-2.46508	11.2	-2.4	-0.907692	2.72306	
11.1918	-2.25161	-0.484656	2.89016	11.1705	-2.24061	11.15	-2.25	-0.907683	2.72304	
11.3109	-2.10153	1.44203	2.66603	11.2202	-2.08177	11.25	-2.1	1.8219	2.73284	
11.3873	-1.95532	1.43677	2.66122	11.3536	-1.97104	11.35	-1.95	1.82188	2.73281	
11.3645	-1.79549	0.283544	2.81887	11.224	-1.77367	11.35	-1.8	0	2.71996	
11.379	-1.64003	0.281577	2.81757	11.3661	-1.64386	11.35	-1.65	0	2.71993	
11.3687	-1.49101	0.0608434	2.77908	11.2691	-1.47976	11.35	-1.5	0	2.73448	
11.3695	-1.33854	0.0563461	2.77671	11.3391	-1.34511	11.35	-1.35	0	2.73446	
11.2549	-1.19529	-1.43516	2.87446	11.2507	-1.19626	11.25	-1.2	-1.99969	2.99952	
11.1808	-1.05118	-1.43863	2.87554	11.1532	-1.04324	11.15	-1.05	-1.99967	2.99949	
11.114	-0.904117	-1.22627	2.88428	10.9697	-0.89157	11.1	-0.9	-1.00006	3.00024	
11.0536	-0.759563	-1.22468	2.88802	11.0654	-0.742685	11.05	-0.75	-1.00006	3.00021	
10.9443	-0.647869	-1.70664	2.54055	10.8913	-0.655608	10.95	-0.649999	-1.81771	1.81773	
10.8499	-0.509106	-1.70799	2.53116	10.8418	-0.549005	10.85	-0.549999	-1.81772	1.81773	
10.7592	-0.429356	-1.71775	2.08593	10.827	-0.442912	10.75	-0.45	-1.81842	1.8184	
10.6648	-0.315615	-1.71798	2.07709	10.6642	-0.353413	10.65	-0.35	-1.8184	1.81839	
10.4913	-0.241235	-2.89209	1.8647	10.5503	-0.248633	10.5	-0.25	-3.00035	2.00024	
10.3469	-0.148534	-2.8919	1.85994	10.3487	-0.171899	10.35	-0.15	-3.00032	2.00022	
10.2496	-0.105278	-2.27246	1.4714	10.2559	-0.115293	10.25	-0.0999996	-2.00053	1.00027	
10.1361	-0.032029	-2.27236	1.4686	10.137	-0.0462889	10.15	-0.0499992	-2.00053	1.00027	
10.0414	0.0206718	-2.05161	1.30608	10.0717	0.0165033	10.05	9.49949e-07	-2.00009	1.00004	
9.93803	0.0853563	-2.0528	1.30024	9.92833	0.0556031	9.95	0.0500011	-2.00006	1.00003	
9.78726	0.0483164	-2.7356	0.492009	9.8478	0.0279858	9.8	0.0500011	-3.00025	0	
9.65047	0.0722163	-2.73561	0.485357	9.65029	0.0372757	9.65	0.0500011	-3.00024	0	
9.5028	0.0988279	-2.92161	0.503022	9.54682	0.0997641	9.5	0.100001	-2.99825	0.999409	
9.35505	0.124251	-2.92407	0.505616	9.33515	0.138463	9.35	0.15	-2.99825	0.999409	
9.27292	0.134406	-2.06849	0.368573	9.46113	0.134275	9.25	0.15	-1.81915	0	
9.1576	0.154791	-2.07123	0.369958	9.13787	0.161547	9.15	0.15	-1.81913	0	
8.99612	0.192422	-2.84435	0.517014	9.02723	0.196492	9	0.2	-2.99927	0.99976	
8.85146	0.218807	-2.84819	0.522662	8.82128	0.250523	8.85	0.25	-2.99927	0.99976	
8.69619	0.247557	-2.99637	0.542807	8.67607	0.247512	8.7	0.25	-2.99873	0	
8.54647	0.274252	-2.996	0.538102	8.54916	0.247046	8.55	0.25	-2.99871	0	
8.40842	0.259131	-2.67862	0.171837	8.44086	0.253341	8.4	0.25	-2.72872	0	
8.2588	0.268339	-2.68258	0.169969	8.2302	0.258614	8.25	0.25	-2.72871	0	
8.10739	0.213864	-2.90293	-0.358997	8.1066	0.204722	8.1	0.2	-2.99909	-0.9997	
7.96101	0.194837	-2.90453	-0.370037	7.94777	0.127954	7.95	0.15	-2.9991	-0.9997	
7.80851	0.153015	-3.01402	-0.570844	7.82213	0.149733	7.8	0.15	-3.00101	0	
7.65609	0.124853	-3.01679	-0.566479	7.63383	0.15164	7.65	0.15	-3.00099	0	
7.51577	0.100464	-2.65939	-0.506588	7.49691	0.101076	7.5	0.100001	-2.72698	-0.908982	
7.36803	0.0724765	-2.66183	-0.507737	7.35046	0.0656199	7.35	0.0500011	-2.72695	-0.908974	
7.26292	0.0016284	-2.16802	-0.903356	7.13188	-0.00451978	7.25	9.49949e-07	-2.00032	-1.00016	
7.15417	-0.0436944	-2.16858	-0.905174	7.14965	-0.0559868	7.15	-0.0499992	-2.0003	-1.00015	
6.97283	-0.146619	-2.7656	-1.36974	6.77233	-0.150907	7	-0.15	-2.72534	-1.8169	
6.82355	-0.222165	-2.7607	-1.37109	6.85872	-0.227918	6.85	-0.25	-2.72532	-1.81688	
6.78327	-0.345827	-1.40552	-1.89229	6.70421	-0.347264	6.8	-0.349999	-1.00053	-2.00107	
6.71559	-0.440532	-1.4016	-1.89284	6.74687	-0.441006	6.75	-0.449999	-1.00054	-2.00107	
6.6163	-0.540958	-1.88227	-1.92972	6.72084	-0.550555	6.65	-0.549999	-2.00016	-2.00017	
6.52406	-0.637422	-1.87928	-1.92819	6.54837	-0.624094	6.55	-0.65	-2.00016	-2.00017	
6.47808	-0.785041	-1.13316	-2.43268	6.40088	-0.78131	6.5	-0.799999	-0.999884	-2.99963	
6.42386	-0.907593	-1.13028	-2.4406	6.44859	-0.960126	6.45	-0.949999	-0.999884	-2.99963	
6.37701	-1.07842	-0.955519	-2.90824	6.37766	-1.0844	6.4	-1.1	-0.999984	-2.99995	
6.33138	-1.22441	-0.952655	-2.91156	6.35596	-1.24356	6.35	-1.25	-0.999969	-2.99992	
6.34682	-1.38961	-0.314006	-3.11391	6.5527	-1.43518	6.35	-1.4	0	-3.00132	
6.3329	-1.54568	-0.311423	-3.11532	6.35503	-1.55184	6.35	-1.55	0	-3.00129	
6.32271	-1.65122	-0.288242	-2.51167	6.33086	-1.6454	6.35	-1.65	0	-1.81769	
6.3088	-1.78926	-0.283262	-2.50541	6.34356	-1.7483	6.35	-1.75	0	-1.81769	
6.33449	-1.95459	0.251757	-2.92467	6.34522	-1.96081	6.35	-1.95	0	-3.99976	
6.34707	-2.10112	0.250875	-2.92777	6.34095	-2.12276	6.35	-2.15	0	-3.99972	
6.32734	-2.24275	-0.1417	-2.84845	6.3068	-2.23646	6.35	-2.25	0	-2	
6.32143	-2.3851	-0.138308	-2.84408	6.34785	-2.35274	6.35	-2.35	0	-1.99998	
6.33018	-2.50041	0.0901488	-2.62945	6.26272	-2.46894	6.35	-2.5	0	-3	
6.33677	-2.63275	0.093111	-2.63142	6.36265	-2.64414	6.35	-2.65	0	-3	
6.3945	-2.78115	0.797263	-2.88133	6.38105	-2.77438	6.4	-2.8	1.00003	-3.00012	
6.43664	-2.92641	0.799895	-2.88516	6.461	-2.95066	6.45	-2.95	1.00003	-3.00009	
6.48653	-3.13812	1.02132	-3.55914	6.50958	-3.15806	6.5	-3.15	0.999284	-3.99712	
6.53971	-3.31774	1.02231	-3.56601	6.55345	-3.36165	6.55	-3.35	0.999284	-3.99712	
6.57524	-3.4431	0.588036	-2.8144	6.64067	-3.46888	6.6	-3.45	0.909922	-1.81983	
6.60819	-3.59719	0.592639	-2.80689	6.63536	-3.55462	6.65	-3.55	0.909917	-1.81984	
6.69871	-3.70418	1.26311	-2.59319	6.70376	-3.69784	6.7	-3.7	0.999335	-2.99802	
6.7616	-3.834	1.26162	-2.59509	6.75151	-3.84595	6.75	-3.85	0.99934	-2.99802	
6.79013	-3.99095	0.936999	-2.72963	6.65288	-3.91672	6.8	-4	0.908549	-2.72564	
6.84302	-4.14203	0.93883	-2.73175	6.85764	-4.15466	6.85	-4.15	0.908537	-2.72561	
6.87716	-4.26015	0.610604	-2.34981	6.9447	-4.2991	6.9	-4.25	0.90988	-1.81977	
6.9117	-4.38867	0.617225	-2.34092	6.94846	-4.34203	6.95	-4.35	0.909876	-1.81975	
7.00419	-4.5018	1.23446	-2.37162	7.09552	-4.55441	7	-4.5	1.00008	-3.00024	
7.06482	-4.6204	1.22987	-2.37616	7.03506	-4.6461	7.05	-4.65	1.00008	-3.00024	
7.15404	-4.81184	1.61604	-3.09363	7.25009	-4.88515	7.15	-4.8	1.99984	-2.99976	
7.23546	-4.96605	1.62055	-3.08764	7.26242	-4.9318	7.25	-4.95	1.99984	-2.99976	
7.28172	-5.05838	1.02854	-2.36142	7.33292	-5.08676	7.3	-5.05	1.00028	-2.00057	
7.33362	-5.17617	1.03162	-2.35769	7.3521	-5.15533	7.35	-5.15	1.00028	-2.00056	
7.40365	-5.28995	1.23782	-2.36201	7.40318	-5.28627	7.4	-5.3	1.00003	-3.00012	
7.46514	-5.4087	1.2335	-2.36817	7.44098	-5.44336	7.45	-5.45	1.00004	-3.00012	
7.52899	-5.54777	1.3653	-2.62115	7.46878	-5.50726	7.55	-5.55	1.99961	-1.99961	
7.6001	-5.67947	1.37543	-2.61433	7.66561	-5.647	7.65	-5.65	1.9996	-1.9996	
7.66843	-5.7922	1.28921	-2.40582	7.70927	-5.8194	7.7	-5.8	1.00027	-3.00084	
7.73547	-5.91501	1.29078	-2.41299	7.75724	-5.96146	7.75	-5.95	1.00028	-3.00084	
7.8153	-6.02611	1.54169	-2.43388	7.71187	-5.94164	7.85	-6.05	1.9998	-1.99981	
7.8954	-6.14926	1.54968	-2.43183	7.95005	-6.14609	7.95	-6.15	1.9998	-1.9998	
7.96051	-6.23377	1.245	-1.97448	8.03808	-6.28852	8	-6.25	1.00004	-2.00008	
8.0245	-6.33404	1.24695	-1.97788	8.04346	-6.35767	8.05	-6.35	1.00004	-2.00008	
8.1234	-6.49208	1.82292	-2.67379	8.1071	-6.48544	8.15	-6.5	1.99951	-2.99928	
8.2177	-6.62832	1.82764	-2.6779	8.25742	-6.66007	8.25	-6.65	1.9995	-2.99925	
8.27906	-6.71447	1.12964	-1.88597	8.38768	-6.7963	8.3	-6.75	0.90921	-1.81841	
8.34194	-6.82026	1.12557	-1.89612	8.33159	-6.8699	8.35	-6.85	0.90921	-1.81841	
8.41152	-6.99457	1.30696	-2.57262	8.58336	-7.15056	8.4	-7	1.0001	-3.00036	
8.47659	-7.12402	1.30267	-2.57857	8.45779	-7.15285	8.45	-7.15	1.00011	-3.00036	
8.54051	-7.24506	1.42372	-2.62739	8.37938	-7.10665	8.55	-7.25	1.99907	-1.99908	
8.61279	-7.376	1.43041	-2.6207	8.647	-7.3454	8.65	-7.35	1.99908	-1.99908	
8.69223	-7.51358	1.46922	-2.65285	8.76035	-7.57239	8.7	-7.5	1.00058	-3.00174	
8.76577	-7.64669	1.46782	-2.6555	8.76121	-7.66039	8.75	-7.65	1.00057	-3.00171	
8.80177	-7.74714	0.964532	-2.21693	8.81118	-7.75569	8.8	-7.75	0.999844	-1.99968	
8.84914	-7.85685	0.964657	-2.21349	8.84363	-7.83628	8.85	-7.85	0.999844	-1.99968	
8.97481	-8.01861	1.84258	-2.8637	9.07758	-8.1058	8.95	-8	2.00017	-3.00024	
9.06609	-8.16128	1.84045	-2.86384	9.05238	-8.15838	9.05	-8.15	2.00014	-3.00021	
9.09798	-8.26149	1.11534	-2.28982	9.05557	-8.22632	9.1	-8.25	0.998905	-1.99781	
9.15328	-8.37496	1.11688	-2.28545	9.15492	-8.35136	9.15	-8.35	0.998886	-1.99779	
9.22638	-8.50296	1.17171	-2.27508	9.30408	-8.57245	9.2	-8.5	0.908863	-2.72657	
9.28923	-8.62814	1.16395	-2.28053	9.2543	-8.64461	9.25	-8.65	0.908855	-2.72655	
9.30281	-8.78609	0.87571	-2.57762	9.15971	-8.67034	9.3	-8.8	0.909475	-2.72841	
9.35154	-8.92907	0.874315	-2.58229	9.35164	-8.95148	9.35	-8.95	0.909466	-2.72839	
9.41155	-9.10554	1.10146	-3.03018	9.47941	-9.179	9.4	-9.1	0.999765	-2.99935	
9.46499	-9.2557	1.09832	-3.02866	9.44272	-9.24111	9.45	-9.25	0.999774	-2.99934	
9.49856	-9.36314	0.621392	-2.32932	9.53008	-9.38561	9.5	-9.35	0.908962	-1.81792	
9.53386	-9.48926	0.633362	-2.31575	9.5752	-9.43724	9.55	-9.45	0.908954	-1.8179	
9.59836	-9.61281	0.917616	-2.36742	9.60163	-9.60777	9.6	-9.6	0.909988	-2.72996	
9.64797	-9.74316	0.912783	-2.37132	9.62903	-9.75552	9.65	-9.75	0.909971	-2.72993	
9.69817	-9.89984	0.991508	-2.63246	9.69155	-9.89958	9.7	-9.9	0.907972	-2.7239	
9.75235	-10.0447	0.989805	-2.63327	9.74482	-10.046	9.75	-10.05	0.907972	-2.72391	
9.74971	-10.18	0.462686	-2.42637	9.69256	-10.1336	9.75	-10.2	0	-2.73106	
9.77466	-10.3149	0.455375	-2.4352	9.75264	-10.3488	9.75	-10.35	0	-2.73105	
9.82201	-10.4922	0.849475	-3.05908	9.8242	-10.5024	9.8	-10.5	1	-2.99999	
9.86289	-10.6448	0.842937	-3.06242	9.83234	-10.6514	9.85	-10.65	0.999994	-2.99996	
9.86663	-10.7879	0.475494	-2.87879	9.82501	-10.7525	9.85	-10.8	0	-3.00047	
9.88891	-10.9325	0.465855	-2.88669	9.85033	-10.9603	9.85	-10.95	0	-3.00048	
9.85262	-11.0555	-0.253477	-2.38901	9.91881	-11.1448	9.85	-11.05	0	-1.9956	
9.84048	-11.1742	-0.247602	-2.38302	9.86057	-11.1502	9.85	-11.15	0	-1.99559	
9.8534	-11.3056	0.026862	-2.49716	9.83851	-11.2795	9.85	-11.3	0	-2.73184	
9.85409	-11.4427	0.0228553	-2.49953	9.83839	-11.4483	9.85	-11.45	0	-2.73182	
9.81812	-11.596	-0.226299	-2.68947	9.79654	-11.5922	9.8	-11.6	-0.998566	-2.9957	
9.8045	-11.7307	-0.238009	-2.69647	9.75592	-11.7487	9.75	-11.75	-0.998566	-2.99569	
9.77564	-11.9082	-0.299584	-2.94502	9.77699	-11.9246	9.75	-11.9	0	-2.73084	
9.75877	-12.0687	-0.297936	-2.94092	9.75861	-12.0491	9.75	-12.05	0	-2.73085	
9.6677	-12.2042	-1.02933	-2.46362	9.63743	-12.1863	9.65	-12.2	-1.81598	-2.72396	
9.60862	-12.3393	-1.0404	-2.46826	9.56514	-12.3446	9.55	-12.35	-1.81597	-2.72396	
9.46835	-12.4544	-1.84939	-1.98749	9.47157	-12.4849	9.45	-12.45	-1.82132	-1.82133	
9.36534	-12.5617	-1.85195	-1.98453	9.34752	-12.5408	9.35	-12.55	-1.82131	-1.82131	
9.29022	-12.6834	-1.60949	-2.15771	9.32154	-12.7193	9.3	-12.65	-0.908038	-1.81606	
9.20263	-12.7989	-1.5945	-2.14252	9.24151	-12.7411	9.25	-12.75	-0.908029	-1.81605	
9.07076	-12.8248	-2.20793	-1.0846	9.04013	-12.7738	9.05	-12.85	-3.64007	-1.82004	
8.94469	-12.8863	-2.23947	-1.10441	8.83995	-12.9425	8.85	-12.95	-3.64007	-1.82003	
8.7506	-12.9887	-2.80879	-1.37194	8.73518	-13.0163	8.75	-13	-1.9959	-0.997948	
8.61091	-13.0564	-2.80029	-1.36582	8.6395	-13.0341	8.65	-13.05	-1.9959	-0.997948	
8.48694	-13.0765	-2.69151	-0.870959	8.48414	-13.0416	8.5	-13.1	-2.73149	-0.910502	
8.33968	-13.1258	-2.69236	-0.874474	8.34268	-13.1451	8.35	-13.15	-2.73146	-0.910485	
8.18591	-13.1803	-2.73154	-0.91157	8.19497	-13.1991	8.2	-13.2	-2.72385	-0.907955	
8.03688	-13.2313	-2.72562	-0.910744	8.06107	-13.2364	8.05	-13.25	-2.72383	-0.907947	
7.89825	-13.2169	-2.78845	-0.258343	7.88931	-13.1791	7.9	-13.25	-2.72673	0	
7.7456	-13.2321	-2.78656	-0.259578	7.75593	-13.2425	7.75	-13.25	-2.72673	0	
7.5717	-13.2228	-2.97196	-0.0179564	7.52542	-13.1457	7.6	-13.25	-2.72991	0	
7.41058	-13.2251	-2.96221	-0.0166714	7.44992	-13.2329	7.45	-13.25	-2.72991	0	
7.20763	-13.1619	-3.4366	0.789368	7.19347	-13.1392	7.25	-13.2	-3.63887	0.909723	
7.02119	-13.1221	-3.43064	0.78458	7.05468	-13.1604	7.05	-13.15	-3.63887	0.909723	
6.88572	-13.1275	-2.89677	0.121625	6.90569	-13.1515	6.9	-13.15	-2.72312	0	
6.72672	-13.1221	-2.89626	0.11941	6.73255	-13.1364	6.75	-13.15	-2.72312	0	
6.58119	-13.1383	-2.96812	0.0948341	6.69425	-13.3705	6.6	-13.15	-3.00475	0	
6.43295	-13.1342	-2.97008	0.093014	6.42749	-13.1436	6.45	-13.15	-3.00472	0	
6.34374	-13.0863	-2.66608	0.582836	6.4246	-13.2048	6.35	-13.1	-1.9976	0.998786	
6.21191	-13.0577	-2.65684	0.585343	6.2503	-13.0552	6.25	-13.05	-1.99758	0.998786	
6.08623	-13.0108	-2.60317	0.861993	6.162	-13.1569	6.1	-13	-2.72732	0.909111	
5.94306	-12.9618	-2.59949	0.866247	5.95166	-12.9396	5.95	-12.95	-2.72732	0.909111	
5.79231	-12.9039	-2.67424	0.984378	5.78183	-12.8825	5.8	-12.9	-2.72895	0.909657	
5.64529	-12.8493	-2.6731	0.985815	5.64785	-12.8416	5.65	-12.85	-2.72896	0.909648	
5.51542	-12.7543	-2.64599	1.46967	5.54035	-12.7925	5.55	-12.75	-1.81808	1.81809	
5.37244	-12.6732	-2.62763	1.47614	5.43842	-12.6552	5.45	-12.65	-1.81809	1.81809	
5.29085	-12.5472	-2.25599	1.92384	5.33087	-12.5965	5.3	-12.55	-2.7236	1.81575	
5.16491	-12.4414	-2.26816	1.91974	5.12059	-12.4527	5.15	-12.45	-2.72358	1.81572	
5.04987	-12.3723	-2.21025	1.68544	5.13793	-12.5907	5.05	-12.35	-1.81967	1.81966	
4.92853	-12.2762	-2.20145	1.69455	4.95241	-12.2277	4.95	-12.25	-1.81967	1.81967	
4.81686	-12.13	-2.22666	2.28777	4.81467	-12.1072	4.85	-12.1	-1.81844	2.72766	
4.69581	-12.0015	-2.21039	2.29757	4.75144	-11.9561	4.75	-11.95	-1.81844	2.72767	
4.70206	-11.8655	-1.18195	2.03907	4.6829	-11.7433	4.7	-11.85	-0.909557	1.8191	
4.63848	-11.7538	-1.17243	2.04133	4.67603	-11.7496	4.65	-11.75	-0.909553	1.81911	
4.59393	-11.6119	-1.08801	2.39669	4.61619	-11.6508	4.6	-11.6	-0.907782	2.72335	
4.53371	-11.4773	-1.08421	2.40253	4.5432	-11.4431	4.55	-11.45	-0.907778	2.72334	
4.50297	-11.2527	-0.999833	3.3643	4.48104	-11.1618	4.5	-11.25	-0.910253	3.64099	
4.44793	-11.0679	-1.0009	3.36387	4.44374	-11.0696	4.45	-11.05	-0.910253	3.64099	
4.4566	-10.9824	-0.300039	2.05391	4.46178	-10.9843	4.45	-10.95	0	1.81804	
4.44026	-10.8693	-0.298469	2.05463	4.4464	-10.8663	4.45	-10.85	0	1.81805	
4.46562	-10.7909	-0.0347451	1.90339	4.60972	-11.1274	4.45	-10.75	0	1.81614	
4.46183	-10.6819	-0.0385646	1.90991	4.43858	-10.6346	4.45	-10.65	0	1.81614	
4.44685	-10.4762	-0.320367	3.08237	4.43099	-10.4242	4.45	-10.45	0	3.6396	
4.42862	-10.3026	-0.314465	3.09202	4.44616	-10.2449	4.45	-10.25	0	3.6396	
4.51237	-10.1392	0.546791	2.79271	4.52156	-10.1192	4.5	-10.1	0.910021	2.73005	
4.54189	-9.98293	0.550289	2.79916	4.55225	-9.94382	4.55	-9.95	0.910013	2.73003	
4.61151	-9.80668	0.86918	3.06969	4.5897	-9.73457	4.6	-9.8	0.999085	2.99725	
4.65472	-9.65289	0.86741	3.0693	4.64586	-9.65356	4.65	-9.65	0.99908	2.99724	
4.69415	-9.53898	0.992269	2.26727	4.61159	-9.38621	4.7	-9.55	0.910095	1.82021	
4.74945	-9.4172	0.990089	2.26105	4.7442	-9.45683	4.75	-9.45	0.910091	1.82018	
4.82028	-9.27351	1.13347	2.53763	4.80746	-9.23434	4.85	-9.3	1.99828	2.99743	
4.8795	-9.14885	1.14518	2.53832	4.94202	-9.15915	4.95	-9.15	1.99826	2.99739	
4.98731	-8.97163	1.42831	2.94018	5.03379	-9.03255	5	-9	0.908384	2.72514	
5.0665	-8.8118	1.42625	2.9352	5.06039	-8.84271	5.05	-8.85	0.908384	2.72514	
5.15212	-8.72875	1.60599	2.12386	5.21058	-8.83852	5.15	-8.75	1.81679	1.8168	
5.24257	-8.61527	1.60982	2.11844	5.26598	-8.6555	5.25	-8.65	1.81679	1.8168	
5.32689	-8.48395	1.52845	2.31283	5.33786	-8.49992	5.35	-8.5	1.82017	2.73024	
5.412	-8.35793	1.53306	2.31283	5.43516	-8.36367	5.45	-8.35	1.82015	2.73022	
5.54109	-8.23876	1.93542	2.17027	5.58025	-8.28767	5.55	-8.25	1.81852	1.81852	
5.64903	-8.12256	1.93491	2.16307	5.65225	-8.1686	5.65	-8.15	1.8185	1.8185	
5.75858	-8.03559	1.96057	1.91626	5.83663	-8.14888	5.75	-8.05	1.81752	1.81753	
5.86469	-7.92993	1.94932	1.91055	5.81186	-7.95139	5.85	-7.95	1.81752	1.81752	
5.94662	-7.85519	1.7322	1.70709	5.99151	-7.92468	5.95	-7.85	1.8194	1.8194	
6.04168	-7.76078	1.73343	1.70916	6.04627	-7.74932	6.05	-7.75	1.81941	1.8194	
6.14377	-7.5984	1.72751	2.30716	6.05883	-7.47931	6.15	-7.6	1.81742	2.72613	
6.23891	-7.47023	1.73278	2.31337	6.26179	-7.43797	6.25	-7.45	1.8174	2.72611	
6.3967	-7.36468	2.46223	1.86489	6.3458	-7.29797	6.4	-7.35	2.7248	1.81653	
6.5327	-7.26165	2.46647	1.86859	6.55234	-7.24441	6.55	-7.25	2.72477	1.81651	
6.64528	-7.19135	2.33446	1.56143	6.61964	-7.17343	6.65	-7.2	1.81957	0.909789	
6.77357	-7.10723	2.32783	1.55249	6.74556	-7.15305	6.75	-7.15	1.81957	0.909785	
6.90294	-7.03061	2.34708	1.47688	6.919	-7.04822	6.9	-7.05	2.72946	1.81964	
7.03356	-6.95005	2.35404	1.4802	7.06886	-6.94012	7.05	-6.95	2.72946	1.81964	
7.13924	-6.83349	2.03417	1.87975	7.12574	-6.81829	7.15	-6.85	1.81554	1.81554	
7.25161	-6.73042	2.03412	1.87839	7.25262	-6.73852	7.25	-6.75	1.81554	1.81554	
7.33736	-6.64107	1.82376	1.77667	7.30586	-6.61905	7.35	-6.65	1.82007	1.82007	
7.43852	-6.54379	1.82744	1.77852	7.45762	-6.53827	7.45	-6.55	1.82005	1.82005	
7.59743	-6.48622	2.54956	1.23644	7.59546	-6.48319	7.6	-6.5	2.72628	0.908764	
7.7389	-6.41979	2.54939	1.23136	7.74315	-6.44913	7.75	-6.45	2.72628	0.908764	
7.827	-6.37756	2.02568	1.13077	7.8486	-6.40709	7.85	-6.4	1.81656	0.908285	
7.94042	-6.31706	2.02808	1.1271	7.9584	-6.34152	7.95	-6.35	1.81656	0.908281	
8.06384	-6.2436	2.14238	1.19891	8.05398	-6.23227	8.1	-6.25	2.73006	1.82003	
8.1847	-6.17827	2.15468	1.20745	8.24773	-6.1485	8.25	-6.15	2.73005	1.82003	
8.36832	-6.03607	2.75939	1.71447	8.32369	-5.98136	8.4	-6.05	2.72692	1.81795	
8.52201	-5.94253	2.76476	1.71645	8.55156	-5.93992	8.55	-5.95	2.7269	1.81794	
8.63135	-5.83773	2.25688	1.91837	8.63806	-5.84559	8.65	-5.85	1.81844	1.81844	
8.75591	-5.73303	2.25592	1.91453	8.7543	-5.75242	8.75	-5.75	1.81843	1.81843	
8.91119	-5.65085	2.56011	1.69716	9.00947	-5.71389	8.9	-5.65	2.72464	1.81643	
9.05232	-5.557	2.56222	1.70074	9.06113	-5.54128	9.05	-5.55	2.72465	1.81643	
9.15796	-5.45428	2.15898	1.8518	9.13937	-5.44533	9.15	-5.45	1.81916	1.81918	
9.27407	-5.35103	2.15446	1.85351	9.24452	-5.3352	9.25	-5.35	1.81916	1.81916	
9.36604	-5.29677	2.05817	1.43153	9.26221	-5.25032	9.35	-5.3	1.81895	0.909466	
9.47725	-5.21855	2.04987	1.42153	9.43645	-5.25801	9.45	-5.25	1.81894	0.90947	
9.56468	-5.11894	1.55794	1.748	9.71784	-5.19928	9.55	-5.1	1.81986	2.72981	
9.64862	-5.02026	1.5605	1.76219	9.64908	-4.9531	9.65	-4.95	1.81987	2.72981	
9.76118	-4.87874	1.87682	2.03512	9.67182	-4.82288	9.75	-4.85	1.81736	1.81735	
9.86419	-4.76611	1.8779	2.03922	9.86682	-4.74721	9.85	-4.75	1.81736	1.81735	
9.96274	-4.65091	1.83245	2.06636	9.94653	-4.64316	9.95	-4.65	1.81806	1.81805	
10.0642	-4.5376	1.83332	2.06547	10.0706	-4.54316	10.05	-4.55	1.81805	1.81805	
10.2336	-4.45328	2.52896	1.76958	10.4074	-4.52899	10.2	-4.45	2.72609	1.8174	
10.3705	-4.35516	2.52462	1.76916	10.3431	-4.35107	10.35	-4.35	2.72606	1.81737	
10.4062	-4.19395	1.19567	2.46909	10.3837	-4.17982	10.4	-4.2	0.908945	2.72688	
10.4711	-4.05829	1.19312	2.46572	10.4578	-4.07071	10.45	-4.05	0.908953	2.72687	
10.5839	-3.95742	1.85361	2.09141	10.5531	-3.94939	10.55	-3.95	1.81903	1.81904	
10.6826	-3.84165	1.84725	2.08972	10.6424	-3.84126	10.65	-3.85	1.81902	1.81903	
10.7687	-3.69505	1.76559	2.31142	10.6157	-3.63689	10.75	-3.7	1.81931	2.72896	
10.8646	-3.56696	1.76521	2.3173	10.8572	-3.53957	10.85	-3.55	1.81931	2.72896	
10.9162	-3.39703	1.33991	2.76821	10.8149	-3.35552	10.9	-3.4	0.999745	2.99928	
10.9797	-3.25761	1.33425	2.76846	10.9372	-3.24816	10.95	-3.25	0.999754	2.99928	
11.078	-3.14717	1.88515	2.34946	10.9078	-3.10703	11.05	-3.15	1.81764	1.81765	
11.1787	-3.01845	1.87759	2.33895	11.135	-3.05697	11.15	-3.05	1.81763	1.81764	
11.2132	-2.89177	1.08414	2.39758	11.1507	-2.87978	11.2	-2.9	0.909657	2.72896	
11.2714	-2.7593	1.08237	2.4008	11.2571	-2.74346	11.25	-2.75	0.909648	2.72893	
11.2139	-2.58339	-0.4241	2.97136	11.2614	-2.58697	11.2	-2.6	-0.998725	2.99617	
11.1889	-2.43454	-0.431129	2.96574	11.1393	-2.45312	11.15	-2.45	-0.998725	2.99616	
11.2492	-2.29151	0.68669	2.71547	11.2346	-2.28949	11.2	-2.3	0.908813	2.72643	
11.2835	-2.1423	0.679743	2.70865	11.239	-2.16508	11.25	-2.15	0.908805	2.7264	
11.3205	-2.00518	0.843291	2.59035	11.1623	-1.9797	11.3	-2	0.909855	2.72956	
11.3648	-1.86229	0.840183	2.59233	11.3424	-1.85113	11.35	-1.85	0.909847	2.72953	
