8.46292	0.243462	-3.03909	-0.087429	8.46292	0.243462	8.6	0.25	-3.00029	0	
8.4473	0.251473	-1.09149	0.0894653	8.44818	0.251553	8.45	0.25	-3.00027	0	
8.47191	0.240355	-7.26407e-05	-0.21852	8.56759	0.241943	8.45	0.25	0	0	
8.46433	0.252189	-0.0101192	0.0241407	8.45582	0.253997	8.45	0.25	0	0	
8.37444	0.247618	-1.04557	-0.0441262	8.42544	0.254042	8.35	0.25	-1.81979	0	
8.29317	0.249113	-1.06384	-0.0172618	8.23962	0.24916	8.25	0.25	-1.81978	0	
8.08602	0.235976	-2.33137	-0.074249	7.93286	0.188391	8.05	0.2	-3.99976	-0.99994	
7.93903	0.191744	-2.35621	-0.246296	7.84073	0.159858	7.85	0.15	-3.99972	-0.99993	
7.76718	0.174965	-2.72287	-0.264302	7.61269	0.155818	7.7	0.15	-2.99982	0	
7.61224	0.161364	-2.74388	-0.264558	7.54016	0.159641	7.55	0.15	-2.99982	0	
7.50736	0.133237	-2.39099	-0.306977	7.50815	0.0953827	7.45	0.100001	-1.8165	-0.908239	
7.36982	0.0817838	-2.39792	-0.408008	7.3426	0.0345312	7.35	0.0500011	-1.81648	-0.90823	
7.21508	0.0484633	-2.5642	-0.437686	7.20598	0.00492725	7.2	9.49949e-07	-2.72851	-0.909507	
7.0707	-0.00504639	-2.56908	-0.515518	7.05406	-0.0533413	7.05	-0.0499992	-2.72849	-0.909499	
6.97153	-0.0606583	-2.20454	-0.592974	6.74585	-0.143185	6.95	-0.15	-1.81898	-1.81898	
6.85038	-0.150179	-2.20554	-0.736458	6.84972	-0.258748	6.85	-0.25	-1.81896	-1.81897	
6.74542	-0.219795	-2.14654	-0.82174	6.66966	-0.346668	6.75	-0.349999	-2.00076	-2.00075	
6.63869	-0.323978	-2.14869	-0.9791	6.64329	-0.462604	6.65	-0.449999	-2.00076	-2.00075	
6.60346	-0.417319	-1.64666	-1.12172	6.60862	-0.557035	6.6	-0.549999	-0.998836	-1.99769	
6.52679	-0.525808	-1.64167	-1.25214	6.56029	-0.650892	6.55	-0.65	-0.99884	-1.99769	
6.49627	-0.655553	-1.19196	-1.45084	6.40696	-0.842921	6.5	-0.85	-0.908747	-3.63498	
6.43262	-0.82853	-1.19968	-1.68502	6.45805	-1.05268	6.45	-1.05	-0.908739	-3.63494	
6.34652	-0.960098	-1.3323	-1.76863	6.38626	-1.15695	6.35	-1.15	-1.81897	-1.81898	
6.26758	-1.11421	-1.35115	-1.91319	6.25499	-1.25007	6.25	-1.25	-1.81896	-1.81896	
6.35075	-1.3097	-0.26893	-2.31346	6.43125	-1.48148	6.3	-1.45	0.909739	-3.63894	
6.33653	-1.50104	-0.280886	-2.47472	6.36328	-1.65656	6.35	-1.65	0.909727	-3.63891	
6.28634	-1.6461	-0.515021	-2.4862	6.3228	-1.81431	6.3	-1.8	-0.999494	-2.9985	
6.2539	-1.82207	-0.53946	-2.61659	6.24641	-1.95075	6.25	-1.95	-0.999489	-2.99847	
6.30432	-2.00926	0.00278406	-2.88407	6.31851	-2.10969	6.3	-2.1	0.999984	-2.99994	
6.30925	-2.17587	0.00462938	-2.93772	6.34644	-2.23829	6.35	-2.25	0.999979	-2.99994	
6.29934	-2.34261	-0.0640482	-2.93397	6.32593	-2.40018	6.35	-2.4	0	-2.72613	
6.30363	-2.5157	-0.0535246	-2.95973	6.34927	-2.55175	6.35	-2.55	0	-2.72611	
6.34793	-2.7	0.252146	-3.0959	6.43125	-2.71878	6.4	-2.7	0.909499	-2.72851	
6.37587	-2.85936	0.281424	-3.06491	6.43257	-2.84245	6.45	-2.85	0.909503	-2.72851	
6.38739	-3.00412	0.237885	-3.02497	6.46536	-3.00452	6.45	-3	0	-2.99754	
6.40722	-3.15198	0.25357	-3.01365	6.44119	-3.14955	6.45	-3.15	0	-2.99754	
6.45737	-3.33132	0.480345	-3.11963	6.52249	-3.32007	6.5	-3.3	0.910402	-2.7312	
6.49769	-3.4868	0.511919	-3.07729	6.5453	-3.45745	6.55	-3.45	0.910402	-2.7312	
6.57361	-3.66633	0.806944	-3.19935	6.6358	-3.59197	6.65	-3.6	1.81722	-2.72583	
6.6507	-3.80955	0.880397	-3.11105	6.76011	-3.75457	6.75	-3.75	1.81721	-2.72581	
6.70335	-3.96407	0.855221	-3.04737	6.83625	-3.92723	6.8	-3.9	0.907988	-2.72396	
6.77696	-4.10417	0.915681	-2.97399	6.85997	-4.05805	6.85	-4.05	0.907976	-2.72393	
6.82787	-4.25259	0.892045	-2.92033	6.86943	-4.18507	6.9	-4.2	0.909334	-2.72801	
6.89501	-4.38934	0.935326	-2.85966	6.94332	-4.34473	6.95	-4.35	0.90933	-2.72799	
6.92248	-4.51385	0.721464	-2.67777	7.05156	-4.49706	7	-4.45	0.910054	-1.8201	
6.98626	-4.62394	0.781373	-2.58591	7.04099	-4.55018	7.05	-4.55	0.910054	-1.8201	
7.04413	-4.75899	0.848704	-2.5879	7.10252	-4.67934	7.1	-4.7	0.908302	-2.72489	
7.10585	-4.88599	0.883293	-2.54796	7.14735	-4.86125	7.15	-4.85	0.908297	-2.72489	
7.20565	-5.05409	1.19705	-2.74874	7.31379	-5.05204	7.25	-5	1.81907	-2.72861	
7.28241	-5.18819	1.22447	-2.70732	7.30424	-5.15404	7.35	-5.15	1.81907	-2.72861	
7.34238	-5.32379	1.17682	-2.65278	7.29446	-5.23429	7.4	-5.3	0.908194	-2.7246	
7.41742	-5.46203	1.19967	-2.63191	7.44737	-5.45308	7.45	-5.45	0.90819	-2.72457	
7.49279	-5.60319	1.21871	-2.61999	7.63082	-5.61863	7.55	-5.55	1.81974	-1.81974	
7.58508	-5.71785	1.27886	-2.54717	7.64356	-5.66706	7.65	-5.65	1.81972	-1.81972	
7.64781	-5.84396	1.22993	-2.48993	7.60376	-5.74774	7.7	-5.8	0.90983	-2.72951	
7.7219	-5.97163	1.24597	-2.46785	7.7342	-5.95374	7.75	-5.95	0.909826	-2.72948	
7.83614	-6.13204	1.59848	-2.73557	7.82165	-6.06822	7.85	-6.1	1.9986	-2.9979	
7.92743	-6.25864	1.62436	-2.70933	7.95703	-6.24328	7.95	-6.25	1.99858	-2.99787	
8.00642	-6.39119	1.50483	-2.59374	8.17338	-6.44684	8.05	-6.35	1.81738	-1.81739	
8.1121	-6.50574	1.55994	-2.52552	8.15891	-6.45335	8.15	-6.45	1.81737	-1.81737	
8.18082	-6.62679	1.46236	-2.43659	8.08628	-6.51855	8.2	-6.6	0.909293	-2.72787	
8.26065	-6.75779	1.46224	-2.43052	8.25411	-6.74791	8.25	-6.75	0.909293	-2.72787	
8.33973	-6.88657	1.47089	-2.42875	8.25647	-6.78122	8.35	-6.85	1.81994	-1.81993	
8.43177	-7.00059	1.49989	-2.38386	8.44494	-6.95805	8.45	-6.95	1.81993	-1.81993	
8.49704	-7.11062	1.458	-2.34634	8.39359	-7.01743	8.5	-7.1	1.00006	-3.00018	
8.56366	-7.23415	1.4434	-2.36164	8.54925	-7.24433	8.55	-7.25	1.00006	-3.00018	
8.67011	-7.3856	1.68551	-2.58002	8.64403	-7.39047	8.65	-7.4	1.99807	-2.99712	
8.74771	-7.52364	1.66893	-2.60102	8.73559	-7.5421	8.75	-7.55	1.99808	-2.99712	
8.80192	-7.63421	1.39381	-2.3606	8.87176	-7.71912	8.8	-7.65	0.909955	-1.8199	
8.87131	-7.76444	1.37929	-2.36427	8.84538	-7.75497	8.85	-7.75	0.909946	-1.81988	
8.94567	-7.89172	1.4337	-2.42317	8.88333	-7.88636	8.9	-7.9	0.999086	-2.9973	
9.00137	-8.02476	1.39767	-2.45327	8.95966	-8.0381	8.95	-8.05	0.999095	-2.9973	
9.03458	-8.12221	1.14103	-2.22475	8.8564	-8.01424	9	-8.15	0.909309	-1.8186	
9.08802	-8.24766	1.12129	-2.23441	9.05896	-8.24314	9.05	-8.25	0.909301	-1.81859	
9.16347	-8.38361	1.25469	-2.37357	9.17781	-8.47056	9.1	-8.4	1.0004	-3.00119	
9.20422	-8.52104	1.20422	-2.41983	9.15332	-8.54857	9.15	-8.55	1.00038	-3.00117	
9.24305	-8.63197	1.02087	-2.25484	9.22922	-8.6898	9.2	-8.65	0.909508	-1.819	
9.2845	-8.76432	0.988452	-2.27704	9.24541	-8.76863	9.25	-8.75	0.9095	-1.81899	
9.41577	-8.96627	1.56417	-2.85641	9.37748	-9.00609	9.35	-8.95	1.99965	-3.99928	
9.47825	-9.125	1.52702	-2.89412	9.44703	-9.15328	9.45	-9.15	1.99964	-3.99928	
9.51654	-9.23339	1.27014	-2.64411	9.50096	-9.25642	9.5	-9.25	0.999584	-1.99917	
9.57176	-9.36563	1.25347	-2.64712	9.54157	-9.35195	9.55	-9.35	0.999584	-1.99917	
9.60803	-9.4754	1.10362	-2.50593	9.47534	-9.42627	9.55	-9.5	0	-3.00023	
9.63004	-9.6237	1.02887	-2.56394	9.54779	-9.64959	9.55	-9.65	0	-3.0002	
9.69298	-9.77077	1.1083	-2.66241	9.69942	-9.88416	9.6	-9.8	0.999005	-2.997	
9.7201	-9.92102	1.04515	-2.70641	9.64606	-9.9341	9.65	-9.95	0.998995	-2.997	
9.74289	-10.0361	0.837345	-2.49509	9.60087	-9.96395	9.7	-10.05	0.909855	-1.81969	
9.77894	-10.1694	0.818129	-2.49074	9.73801	-10.1396	9.75	-10.15	0.909847	-1.81969	
9.82325	-10.3014	0.818114	-2.49957	9.92627	-10.4745	9.75	-10.3	0	-3.00065	
9.83164	-10.4484	0.744422	-2.55466	9.75524	-10.4732	9.75	-10.45	0	-3.00063	
9.87552	-10.597	0.802003	-2.6291	9.71825	-10.5087	9.8	-10.6	0.90817	-2.72451	
9.90023	-10.7512	0.758932	-2.6543	9.85048	-10.7526	9.85	-10.75	0.908161	-2.72448	
9.91813	-10.8746	0.601778	-2.48851	9.88465	-10.9383	9.85	-10.9	0	-2.73074	
9.91698	-11.0303	0.525089	-2.53709	9.83614	-11.041	9.85	-11.05	0	-2.73073	
9.93964	-11.1594	0.523574	-2.55055	9.83952	-11.1692	9.85	-11.2	0	-2.99965	
9.92749	-11.3142	0.435687	-2.61688	9.84568	-11.3496	9.85	-11.35	0	-2.99961	
9.94595	-11.4507	0.426831	-2.62885	9.87961	-11.5637	9.85	-11.5	0	-2.99843	
9.92641	-11.6069	0.33425	-2.69093	9.83206	-11.6307	9.85	-11.65	0	-2.99843	
9.8913	-11.6845	-0.0195925	-2.27308	9.85311	-11.8523	9.8	-11.75	-1.0003	-2.00061	
9.84806	-11.8225	-0.115167	-2.33465	9.74928	-11.8442	9.75	-11.85	-1.00029	-2.00059	
9.83778	-11.9429	-0.116112	-2.3559	9.69694	-11.9706	9.7	-12	-1.0004	-3.00119	
9.77548	-12.0986	-0.245957	-2.44769	9.65354	-12.1497	9.65	-12.15	-1.00039	-3.00116	
9.73738	-12.1954	-0.426796	-2.23147	9.72311	-12.3964	9.6	-12.25	-0.999885	-1.99981	
9.6667	-12.3322	-0.538041	-2.29604	9.54859	-12.3478	9.55	-12.35	-0.999884	-1.99979	
9.59466	-12.3942	-0.81294	-1.94471	9.39039	-12.3902	9.45	-12.45	-1.99803	-1.99805	
9.49561	-12.5229	-0.945607	-2.02359	9.36086	-12.5501	9.35	-12.55	-1.99804	-1.99804	
9.43492	-12.6309	-0.988633	-1.98486	9.34456	-12.7106	9.3	-12.65	-0.909773	-1.81953	
9.33319	-12.7601	-1.0954	-2.03774	9.22134	-12.7613	9.25	-12.75	-0.909773	-1.81954	
9.22049	-12.7857	-1.49379	-1.47724	9.15326	-13.0031	9.05	-12.85	-3.99257	-1.99629	
9.05041	-12.9091	-1.71165	-1.6	8.84161	-12.9519	8.85	-12.95	-3.99253	-1.99627	
8.9276	-12.9642	-1.87045	-1.38485	8.71632	-12.9613	8.75	-13	-1.8213	-0.910651	
8.77708	-13.0559	-1.97796	-1.42864	8.66358	-13.0431	8.65	-13.05	-1.8213	-0.910651	
8.64631	-13.0849	-2.18127	-1.12646	8.54518	-13.1702	8.5	-13.1	-2.997	-0.999005	
8.48311	-13.1608	-2.30344	-1.17913	8.35763	-13.1557	8.35	-13.15	-2.997	-0.998995	
8.31564	-13.1605	-2.57348	-0.74159	8.22926	-13.1698	8.2	-13.15	-2.72741	0	
8.1368	-13.2026	-2.65506	-0.754826	8.03583	-13.1513	8.05	-13.15	-2.72742	0	
7.96693	-13.2036	-2.79354	-0.520438	7.82914	-13.0525	7.9	-13.15	-2.72986	0	
7.80465	-13.2213	-2.81002	-0.502817	7.76538	-13.1647	7.75	-13.15	-2.72986	0	
7.67665	-13.2741	-2.71749	-0.679779	7.66145	-13.3079	7.6	-13.2	-2.9979	-0.999304	
7.51717	-13.3039	-2.76782	-0.679043	7.44786	-13.2517	7.45	-13.25	-2.9979	-0.999304	
7.34043	-13.2928	-2.91306	-0.403019	7.21107	-13.0985	7.3	-13.25	-2.72846	0	
7.18055	-13.3	-2.90871	-0.375729	7.16011	-13.2382	7.15	-13.25	-2.72844	0	
6.99688	-13.2349	-3.15394	0.120428	6.88472	-12.9588	7	-13.2	-2.99784	0.999284	
6.84865	-13.2112	-3.12825	0.154531	6.84891	-13.1493	6.85	-13.15	-2.99784	0.999284	
6.66992	-13.1796	-3.20121	0.323546	6.77424	-13.2337	6.7	-13.1	-2.72787	0.909275	
6.52184	-13.1368	-3.13309	0.376233	6.55759	-13.0679	6.55	-13.05	-2.72787	0.909284	
6.36251	-13.1376	-3.05014	0.216036	6.40137	-13.0799	6.4	-13.05	-2.72678	0	
6.22225	-13.1051	-2.98394	0.260333	6.26174	-13.0534	6.25	-13.05	-2.72678	0	
6.05225	-13.0661	-3.0408	0.411712	6.10143	-13.0076	6.1	-13	-2.72966	0.909888	
5.91121	-13.0192	-2.97704	0.461568	5.94198	-12.9494	5.95	-12.95	-2.72963	0.90988	
5.73067	-12.9048	-3.2196	1.05838	5.79854	-12.8478	5.8	-12.85	-2.99777	1.99851	
5.60438	-12.8224	-3.13464	1.11892	5.65107	-12.7365	5.65	-12.75	-2.99778	1.99852	
5.44945	-12.7824	-3.03	0.920192	5.50547	-12.5721	5.55	-12.7	-1.81798	0.908995	
5.3396	-12.7042	-2.89588	0.983007	5.43839	-12.652	5.45	-12.65	-1.81799	0.908995	
5.16903	-12.5955	-3.00895	1.32086	5.27506	-12.4782	5.3	-12.55	-2.72627	1.81753	
5.04958	-12.5027	-2.9004	1.36756	5.1307	-12.4684	5.15	-12.45	-2.72625	1.8175	
4.89888	-12.4223	-2.88336	1.3889	5.04446	-12.3808	5.05	-12.35	-1.8199	1.81989	
4.81054	-12.3134	-2.71758	1.46286	4.92985	-12.2499	4.95	-12.25	-1.81991	1.8199	
4.67357	-12.2064	-2.75437	1.63093	4.75061	-11.9803	4.85	-12.15	-1.99928	1.99929	
4.61251	-12.0986	-2.57451	1.6948	4.75915	-12.0666	4.75	-12.05	-1.99928	1.99928	
4.47743	-11.9785	-2.59549	1.85334	4.69113	-11.9084	4.7	-11.9	-0.908236	2.72471	
4.44567	-11.8302	-2.33277	1.96036	4.64378	-11.7442	4.65	-11.75	-0.908231	2.7247	
4.34972	-11.748	-2.19477	1.74448	4.59746	-11.6205	4.6	-11.65	-0.909847	1.81971	
4.34135	-11.6151	-1.93133	1.8358	4.54975	-11.5706	4.55	-11.55	-0.909843	1.81969	
4.22092	-11.4094	-2.1767	2.58864	4.47442	-11.3673	4.5	-11.35	-1.0008	4.0032	
4.22698	-11.2345	-1.90508	2.69604	4.44059	-11.1496	4.45	-11.15	-1.0008	4.00321	
4.17509	-11.1522	-1.64162	2.20006	4.43713	-11.024	4.45	-11.05	0	1.81614	
4.21147	-10.9882	-1.34334	2.30638	4.45136	-10.93	4.45	-10.95	0	1.81612	
4.16092	-10.8533	-1.289	2.32964	4.44745	-10.786	4.45	-10.8	0	2.72555	
4.2163	-10.6859	-0.992633	2.4302	4.45788	-10.6457	4.45	-10.65	0	2.72554	
4.18738	-10.5561	-0.920069	2.39536	4.46329	-10.5756	4.45	-10.5	0	2.729	
4.24244	-10.3877	-0.671344	2.48738	4.44057	-10.3382	4.45	-10.35	0	2.72898	
4.23809	-10.2611	-0.56214	2.39386	4.51895	-10.2367	4.5	-10.2	0.908962	2.72687	
4.32491	-10.0899	-0.285543	2.49542	4.54925	-10.0439	4.55	-10.05	0.908954	2.72685	
4.33985	-9.95726	-0.195004	2.44917	4.63224	-9.9707	4.6	-9.9	0.909756	2.72927	
4.43436	-9.78728	0.0516779	2.54162	4.63755	-9.74952	4.65	-9.75	0.909752	2.72926	
4.45414	-9.63021	0.0883861	2.59151	4.60757	-9.4335	4.7	-9.6	0.90859	2.72578	
4.55302	-9.46263	0.306433	2.66347	4.74589	-9.4609	4.75	-9.45	0.908586	2.72576	
4.61496	-9.34653	0.491998	2.44703	4.89179	-9.39473	4.85	-9.3	1.81967	2.72952	
4.74461	-9.17549	0.731943	2.54453	4.94849	-9.13867	4.95	-9.15	1.81967	2.72951	
4.81875	-9.07365	0.912052	2.32619	4.95209	-8.96272	5	-9.05	0.999884	1.99977	
4.91874	-8.94355	1.03674	2.36895	5.04121	-8.94979	5.05	-8.95	0.999874	1.99974	
5.00075	-8.82277	1.12258	2.30385	5.20806	-8.88942	5.15	-8.8	1.81805	2.72708	
5.12971	-8.6685	1.27977	2.37693	5.26887	-8.63564	5.25	-8.65	1.81803	2.72705	
5.23264	-8.57908	1.47254	2.1539	5.3785	-8.56768	5.35	-8.55	1.99956	1.99957	
5.35123	-8.45192	1.57732	2.20576	5.44864	-8.42738	5.45	-8.45	1.99954	1.99954	
5.45361	-8.34485	1.64497	2.12696	5.56465	-8.44845	5.5	-8.35	0.909045	1.81807	
5.54128	-8.23163	1.63752	2.11879	5.53862	-8.24357	5.55	-8.25	0.909045	1.81808	
5.63753	-8.1119	1.66372	2.11107	5.64921	-8.02513	5.7	-8.1	2.72608	2.72608	
5.76771	-7.97747	1.75337	2.15965	5.85094	-7.95601	5.85	-7.95	2.72606	2.72606	
5.88066	-7.86708	1.83569	2.08522	5.93492	-7.84119	5.95	-7.85	1.81801	1.81801	
6.0055	-7.74231	1.89015	2.11329	6.05986	-7.73559	6.05	-7.75	1.81802	1.81801	
6.11586	-7.63027	1.92318	2.08187	6.13741	-7.63243	6.15	-7.65	1.81798	1.81798	
6.22929	-7.51927	1.93788	2.07749	6.25659	-7.54336	6.25	-7.55	1.81798	1.81798	
6.3467	-7.41569	1.99691	2.01492	6.39143	-7.46358	6.35	-7.45	1.82027	1.82027	
6.45024	-7.31938	1.97849	1.98367	6.452	-7.36418	6.45	-7.35	1.82025	1.82025	
6.57739	-7.24268	2.18132	1.78679	6.47916	-7.09783	6.6	-7.25	2.99862	1.99908	
6.70547	-7.14597	2.22293	1.80874	6.7556	-7.14598	6.75	-7.15	2.99862	1.99908	
6.7902	-7.01528	2.00558	2.01107	6.68682	-6.93297	6.8	-7.05	0.908005	1.816	
6.88729	-6.91801	1.97311	1.97851	6.86356	-6.94732	6.85	-6.95	0.908	1.81601	
7.03012	-6.84129	2.18803	1.77549	7.08741	-6.92602	7	-6.85	2.72856	1.81904	
7.15146	-6.74505	2.18962	1.77303	7.15695	-6.75136	7.15	-6.75	2.72854	1.81902	
7.25057	-6.63213	2.03935	1.89845	7.29976	-6.68807	7.25	-6.65	1.8202	1.8202	
7.35785	-6.53689	2.02639	1.87769	7.35505	-6.56058	7.35	-6.55	1.82018	1.82018	
7.52173	-6.49328	2.43639	1.53782	7.53544	-6.5372	7.5	-6.5	2.99964	0.999884	
7.6428	-6.42747	2.43041	1.51411	7.65664	-6.46417	7.65	-6.45	2.99964	0.999884	
7.76611	-6.34452	2.39253	1.5233	7.67559	-6.34628	7.75	-6.4	1.81709	0.908549	
7.87826	-6.29031	2.34328	1.45318	7.85193	-6.35845	7.85	-6.35	1.81709	0.908545	
8.00682	-6.21524	2.34058	1.443	8.03231	-6.28406	8	-6.25	2.72931	1.81954	
8.1351	-6.13845	2.33896	1.43745	8.13749	-6.14586	8.15	-6.15	2.72928	1.81952	
8.22379	-6.04675	2.15264	1.56911	8.21488	-6.01843	8.25	-6.05	1.99977	1.99976	
8.33433	-5.9621	2.16045	1.58353	8.33626	-5.94674	8.35	-5.95	1.99977	1.99976	
8.49698	-5.89996	2.44866	1.40072	8.50318	-5.89335	8.5	-5.9	2.72796	0.909326	
8.6346	-5.83183	2.45111	1.38216	8.65894	-5.86309	8.65	-5.85	2.72796	0.909321	
8.73253	-5.73346	2.19363	1.54329	8.77185	-5.74314	8.75	-5.75	1.81776	1.81775	
8.85397	-5.64679	2.19567	1.54744	8.85444	-5.64273	8.85	-5.65	1.81774	1.81773	
8.94912	-5.56084	2.07832	1.61693	9.02394	-5.6024	8.95	-5.55	1.99657	1.99656	
9.05477	-5.47266	2.08368	1.63338	9.05088	-5.45385	9.05	-5.45	1.99654	1.99655	
9.2081	-5.40164	2.38266	1.47148	9.04088	-5.29691	9.2	-5.4	2.72728	0.909094	
9.33938	-5.32207	2.38265	1.46848	9.34223	-5.32623	9.35	-5.35	2.72727	0.90909	
9.42515	-5.22075	2.08741	1.61862	9.39579	-5.21659	9.45	-5.25	1.81816	1.81815	
9.54278	-5.13076	2.09287	1.62155	9.55303	-5.13194	9.55	-5.15	1.81813	1.81813	
9.63981	-5.03798	1.94882	1.68206	9.75019	-5.14652	9.65	-5.05	1.82036	1.82036	
9.7505	-4.94031	1.95696	1.69492	9.7586	-4.93134	9.75	-4.95	1.82036	1.82037	
9.84193	-4.83946	1.82791	1.75547	9.9198	-4.86941	9.85	-4.85	1.81578	1.81577	
9.94547	-4.74199	1.8333	1.75799	9.95641	-4.74358	9.95	-4.75	1.81575	1.81575	
10.0234	-4.63026	1.68175	1.83698	10.0029	-4.54771	10.05	-4.6	1.82039	2.7306	
10.1271	-4.50267	1.7091	1.9007	10.1428	-4.45119	10.15	-4.45	1.8204	2.7306	
10.2118	-4.38478	1.64376	1.95025	10.1981	-4.26556	10.25	-4.3	1.81769	2.72652	
10.323	-4.23656	1.69057	2.04902	10.3644	-4.16342	10.35	-4.15	1.81768	2.7265	
10.4519	-4.12947	1.88953	1.99316	10.5985	-4.12247	10.45	-4.05	1.81792	1.81792	
10.5579	-3.99654	1.89875	2.04748	10.5415	-3.9454	10.55	-3.95	1.8179	1.8179	
10.6564	-3.8783	1.84366	2.07528	10.7092	-3.85166	10.65	-3.85	1.81903	1.81904	
10.7594	-3.75928	1.84765	2.08703	10.7616	-3.75002	10.75	-3.75	1.81902	1.81903	
10.8033	-3.62745	1.46246	2.20746	10.795	-3.60617	10.8	-3.6	0.909773	2.72931	
10.8803	-3.49317	1.45939	2.23708	10.8527	-3.46164	10.85	-3.45	0.909764	2.72928	
10.9861	-3.38296	1.68194	2.19212	10.9584	-3.30584	10.95	-3.3	1.99953	2.99928	
11.0719	-3.23641	1.6924	2.2787	11.0447	-3.1561	11.05	-3.15	1.9995	2.99925	
11.112	-3.09223	1.33016	2.38268	11.1178	-2.98807	11.1	-3	0.907725	2.72317	
11.1824	-2.93133	1.33042	2.45193	11.1427	-2.86566	11.15	-2.85	0.907708	2.72314	
11.2293	-2.78506	1.17005	2.50157	11.1491	-2.68183	11.2	-2.7	0.908929	2.72678	
11.2907	-2.61741	1.16953	2.57207	11.2525	-2.55311	11.25	-2.55	0.908929	2.72678	
11.2252	-2.45178	0.317961	2.73794	11.1188	-2.36202	11.2	-2.4	-0.909276	2.72782	
11.2295	-2.28937	0.297183	2.76473	11.1594	-2.25598	11.15	-2.25	-0.909276	2.72782	
11.3364	-2.1466	0.940135	2.66841	11.2029	-2.09837	11.25	-2.1	1.81915	2.72871	
11.3833	-1.98677	0.933658	2.69919	11.3525	-1.95787	11.35	-1.95	1.81913	2.72869	
11.3842	-1.83184	0.614534	2.74409	11.3011	-1.79507	11.35	-1.8	0	2.73035	
11.4031	-1.68038	0.589524	2.74485	11.3326	-1.67041	11.35	-1.65	0	2.73033	
11.3372	-1.53264	0.0156446	2.81004	11.0622	-1.44342	11.3	-1.5	-0.999165	2.99748	
11.3254	-1.38286	-0.00408435	2.83125	11.2595	-1.35818	11.25	-1.35	-0.999155	2.99745	
11.2724	-1.22647	-0.334392	2.85336	11.1658	-1.23674	11.2	-1.25	-0.909822	1.81964	
11.2342	-1.10282	-0.36977	2.77367	11.1524	-1.15803	11.15	-1.15	-0.909822	1.81964	
11.1071	-0.960648	-1.04402	2.81198	10.8534	-0.929069	11.05	-0.95	-1.99817	3.99632	
11.0405	-0.791179	-1.06573	2.88038	10.9584	-0.728742	10.95	-0.75	-1.99816	3.99632	
10.9878	-0.635872	-0.993523	2.87001	10.8608	-0.663121	10.9	-0.649999	-0.908549	1.8171	
10.9202	-0.504935	-1.01599	2.80541	10.8648	-0.553034	10.85	-0.549999	-0.908532	1.81708	
10.814	-0.358722	-1.36573	2.79245	10.8451	-0.437482	10.75	-0.45	-1.8174	1.81738	
10.7225	-0.255708	-1.39418	2.67152	10.6542	-0.347474	10.65	-0.35	-1.8174	1.81738	
10.5435	-0.123583	-2.07843	2.64222	10.5062	-0.245062	10.5	-0.25	-2.72796	1.81864	
10.413	-0.0393288	-2.10626	2.49649	10.3438	-0.150982	10.35	-0.15	-2.72796	1.81864	
10.32	0.0816643	-1.99087	2.45701	10.4884	-0.0812124	10.25	-0.0999996	-1.81964	0.909826	
10.1992	0.123795	-2.00976	2.23475	10.1537	-0.0482457	10.15	-0.0499992	-1.81963	0.909818	
10.0419	0.220653	-2.29581	2.17114	9.92588	0.00395802	10	9.49949e-07	-2.73049	0.910169	
9.90464	0.233871	-2.31376	1.91696	9.85676	0.0351738	9.85	0.0500011	-2.73047	0.910161	
9.74343	0.308639	-2.51462	1.84116	9.63973	0.0585714	9.7	0.0500011	-2.72439	0	
9.59445	0.281295	-2.53101	1.53172	9.54669	0.0374948	9.55	0.0500011	-2.72438	0	
9.43142	0.33644	-2.66406	1.4598	9.32242	0.112393	9.4	0.100001	-2.72773	0.90923	
9.27801	0.326556	-2.67453	1.2423	9.24446	0.153574	9.25	0.15	-2.7277	0.909222	
9.12296	0.371666	-2.71248	1.18506	9.0614	0.20077	9.1	0.2	-2.72652	0.908843	
8.96951	0.376856	-2.71845	1.03979	8.94752	0.260272	8.95	0.25	-2.72653	0.908843	
8.87253	0.412794	-2.37026	0.994593	8.90199	0.247143	8.85	0.25	-1.81847	0	
8.74587	0.39859	-2.36249	0.826938	8.76016	0.263752	8.75	0.25	-1.81846	0	
8.53178	0.417068	-2.91564	0.749111	8.46355	0.258809	8.55	0.25	-3.6326	0	
8.369	0.389607	-2.91767	0.581519	8.35367	0.252596	8.35	0.25	-3.6326	0	
8.21485	0.396984	-2.83568	0.52296	8.05161	0.241868	8.2	0.25	-2.72841	0	
8.05887	0.367155	-2.83435	0.379271	8.05411	0.247878	8.05	0.25	-2.72842	0	
7.91278	0.361536	-2.73778	0.31551	7.78653	0.205765	7.9	0.2	-2.72708	-0.909025	
7.75994	0.30259	-2.73986	0.127323	7.74339	0.144028	7.75	0.15	-2.72705	-0.909016	
7.61735	0.276657	-2.72714	0.0450488	7.77346	0.0969346	7.6	0.100001	-2.73169	-0.910554	
7.46602	0.203605	-2.72894	-0.142172	7.45362	0.0452052	7.45	0.0500011	-2.73169	-0.910554	
7.30104	0.171614	-2.88563	-0.204621	7.15329	0.0425189	7.3	0.0500011	-2.99789	0	
7.15859	0.120646	-2.88232	-0.306249	7.16618	0.0287673	7.15	0.0500011	-2.9979	0	
7.07304	0.0765905	-2.41084	-0.378109	7.17215	-0.0469302	7.05	-0.0499995	-1.81811	-1.81813	
6.94304	-0.00701418	-2.40693	-0.53571	6.95426	-0.147757	6.95	-0.15	-1.8181	-1.81811	
6.84639	-0.0776406	-2.1563	-0.647361	6.83008	-0.250179	6.85	-0.25	-1.81646	-1.81646	
6.73366	-0.184355	-2.14843	-0.826405	6.76395	-0.345347	6.75	-0.35	-1.81645	-1.81645	
6.65546	-0.275128	-1.89511	-0.953886	6.74798	-0.457727	6.65	-0.45	-1.81901	-1.819	
6.54945	-0.400186	-1.90253	-1.13784	6.54569	-0.565853	6.55	-0.549999	-1.81899	-1.81898	
6.52507	-0.531306	-1.35599	-1.35814	6.565	-0.754748	6.5	-0.749999	-0.909789	-3.63914	
6.44782	-0.707061	-1.37075	-1.61472	6.4494	-0.940848	6.45	-0.949999	-0.909781	-3.63911	
6.41029	-0.85586	-1.14789	-1.81754	6.44213	-1.11266	6.4	-1.1	-1.0002	-3.00061	
6.34771	-1.03795	-1.17065	-2.04923	6.34405	-1.26138	6.35	-1.25	-1.0002	-3.00061	
6.31162	-1.1847	-1.02167	-2.18477	6.39474	-1.36501	6.3	-1.35	-1.00035	-2.00072	
6.25719	-1.33225	-1.03479	-2.28215	6.25356	-1.42931	6.25	-1.45	-1.00036	-2.00072	
6.27348	-1.49893	-0.54537	-2.50443	6.24787	-1.61119	6.25	-1.6	0	-2.99288	
6.24172	-1.66035	-0.561168	-2.59554	6.23547	-1.75335	6.25	-1.75	0	-2.99285	
6.28728	-1.84489	-0.0527406	-2.80288	6.41111	-1.93027	6.3	-1.9	0.909739	-2.72921	
6.29396	-2.01278	-0.0394003	-2.83457	6.34873	-2.05372	6.35	-2.05	0.909735	-2.72921	
6.30257	-2.17541	-0.0187108	-2.84932	6.53066	-2.26346	6.35	-2.2	0	-2.72782	
6.31328	-2.33184	0.00249235	-2.84511	6.36917	-2.33894	6.35	-2.35	0	-2.72779	
6.31959	-2.5	0.0648467	-2.89474	6.27034	-2.51837	6.35	-2.55	0	-3.63689	
6.32389	-2.67999	0.0599245	-2.94482	6.34287	-2.73391	6.35	-2.75	0	-3.63689	
6.37727	-2.87331	0.388543	-3.11923	6.45883	-2.92313	6.4	-2.9	0.908854	-2.72658	
6.40536	-3.04826	0.399913	-3.12478	6.43866	-3.06257	6.45	-3.05	0.908859	-2.72658	
6.44688	-3.22279	0.514405	-3.16425	6.49154	-3.20004	6.5	-3.2	0.908863	-2.72658	
6.48954	-3.37808	0.547671	-3.11475	6.53579	-3.34211	6.55	-3.35	0.908855	-2.72655	
6.53847	-3.54323	0.618201	-3.11088	6.70146	-3.53446	6.6	-3.5	0.908714	-2.72613	
6.59119	-3.6887	0.662406	-3.04417	6.64657	-3.63945	6.65	-3.65	0.908702	-2.72611	
6.64481	-3.8541	0.750546	-3.06522	6.70956	-3.81739	6.7	-3.8	0.909565	-2.72871	
6.70222	-4.00193	0.788577	-3.01174	6.74885	-3.96368	6.75	-3.95	0.909561	-2.72869	
6.74508	-4.15305	0.77083	-2.96481	6.73758	-4.06653	6.8	-4.1	0.908566	-2.72568	
6.80589	-4.29415	0.814008	-2.90782	6.85796	-4.25464	6.85	-4.25	0.908561	-2.72569	
6.90423	-4.47454	1.11411	-3.06565	7.10395	-4.4909	6.95	-4.4	1.81821	-2.72732	
6.98842	-4.61303	1.16914	-2.98944	7.04679	-4.55716	7.05	-4.55	1.81822	-2.72732	
7.04568	-4.75696	1.10997	-2.91095	7.02393	-4.64459	7.1	-4.7	0.91085	-2.73253	
7.11687	-4.89719	1.13693	-2.86372	7.13435	-4.85502	7.15	-4.85	0.910837	-2.73251	
7.16261	-5.01806	1.0253	-2.74945	7.24619	-4.97657	7.2	-4.95	1.00033	-2.00068	
7.22989	-5.12244	1.06866	-2.67091	7.25317	-5.04605	7.25	-5.05	1.00033	-2.00066	
7.32926	-5.27729	1.39424	-2.87554	7.22054	-5.09604	7.35	-5.2	1.9976	-2.9964	
7.41206	-5.39886	1.42781	-2.82181	7.43604	-5.34825	7.45	-5.35	1.9976	-2.9964	
7.44811	-5.50894	1.12856	-2.5668	7.40989	-5.38617	7.5	-5.45	0.908252	-1.8165	
7.52663	-5.62388	1.17016	-2.50345	7.55662	-5.56714	7.55	-5.55	0.908244	-1.81648	
7.60959	-5.76661	1.34147	-2.61111	7.39379	-5.52612	7.65	-5.7	1.81785	-2.72677	
7.70685	-5.88514	1.39663	-2.54819	7.76459	-5.8425	7.75	-5.85	1.81785	-2.72677	
7.74769	-5.98926	1.11734	-2.31183	7.84699	-6.00602	7.8	-5.95	0.909078	-1.81815	
7.8264	-6.09239	1.1599	-2.25395	7.85921	-6.04502	7.85	-6.05	0.909073	-1.81815	
7.92346	-6.23534	1.38709	-2.41495	7.89511	-6.1416	7.95	-6.2	1.8197	-2.72955	
8.01349	-6.36123	1.41679	-2.39533	8.05619	-6.36041	8.05	-6.35	1.81969	-2.72953	
8.11892	-6.51009	1.57403	-2.50939	8.2234	-6.53735	8.15	-6.5	1.8187	-2.72807	
8.21703	-6.64403	1.59832	-2.49661	8.25446	-6.64851	8.25	-6.65	1.81869	-2.72804	
8.26588	-6.74577	1.31521	-2.25533	8.32206	-6.77114	8.3	-6.75	0.908979	-1.81795	
8.3358	-6.86321	1.31269	-2.24229	8.31728	-6.8399	8.35	-6.85	0.908979	-1.81795	
8.40348	-6.98603	1.31744	-2.25446	8.2713	-6.91098	8.4	-7	0.909094	-2.72732	
8.46382	-7.12529	1.2881	-2.29075	8.44183	-7.15372	8.45	-7.15	0.909102	-2.72732	
8.56378	-7.2774	1.49283	-2.4691	8.54154	-7.25975	8.55	-7.3	1.81751	-2.72628	
8.64407	-7.42796	1.48407	-2.50036	8.65899	-7.4699	8.65	-7.45	1.81752	-2.72628	
8.69597	-7.54002	1.24647	-2.29299	8.83598	-7.68162	8.7	-7.55	0.908615	-1.81723	
8.76763	-7.65885	1.25513	-2.27666	8.76769	-7.64094	8.75	-7.65	0.908607	-1.81721	
8.86417	-7.8083	1.4645	-2.46226	8.77916	-7.72457	8.85	-7.8	1.8215	-2.73224	
8.94687	-7.94462	1.46869	-2.46379	8.95669	-7.95155	8.95	-7.95	1.82148	-2.73221	
9.0289	-8.08166	1.51089	-2.51653	9.1081	-8.22433	9	-8.1	0.999025	-2.99707	
9.08915	-8.22142	1.47548	-2.55044	9.05476	-8.24211	9.05	-8.25	0.999015	-2.99704	
9.12282	-8.32092	1.14711	-2.25312	9.13825	-8.4037	9.1	-8.35	0.908285	-1.81657	
9.17402	-8.45051	1.1213	-2.26874	9.14025	-8.44981	9.15	-8.45	0.908268	-1.81655	
9.24461	-8.58593	1.19022	-2.33906	9.22081	-8.59155	9.2	-8.6	0.91012	-2.73036	
9.29042	-8.73269	1.1447	-2.38312	9.25031	-8.76071	9.25	-8.75	0.910112	-2.73033	
9.35464	-8.87133	1.16952	-2.42242	9.30208	-8.90831	9.3	-8.9	0.909524	-2.72856	
9.39569	-9.0229	1.11644	-2.4678	9.34431	-9.04587	9.35	-9.05	0.909524	-2.72856	
9.46063	-9.16164	1.19553	-2.56098	9.39993	-9.18842	9.4	-9.2	0.999066	-2.99725	
9.49365	-9.31857	1.13162	-2.62835	9.4452	-9.37195	9.45	-9.35	0.999075	-2.99724	
9.54924	-9.46033	1.10229	-2.60828	9.48751	-9.46421	9.5	-9.5	0.909706	-2.7291	
9.5903	-9.62108	1.0569	-2.64999	9.55098	-9.64789	9.55	-9.65	0.909706	-2.7291	
9.6428	-9.75758	1.07298	-2.67708	9.57122	-9.75525	9.6	-9.8	1.00048	-3.00143	
9.67313	-9.91116	1.01904	-2.7248	9.62408	-9.94149	9.65	-9.95	1.00046	-3.00141	
9.70433	-10.0277	0.904189	-2.60668	9.61433	-9.96417	9.7	-10.05	0.998785	-1.99755	
9.74934	-10.1565	0.904265	-2.60347	9.7457	-10.1502	9.75	-10.15	0.998775	-1.99754	
9.76963	-10.2698	0.698101	-2.38716	9.77731	-10.3295	9.75	-10.3	0	-2.72851	
9.79212	-10.4178	0.66012	-2.42586	9.76557	-10.4501	9.75	-10.45	0	-2.72849	
9.84579	-10.576	0.769539	-2.55914	9.89592	-10.7137	9.8	-10.6	0.909012	-2.72704	
9.87441	-10.7301	0.737097	-2.59004	9.85066	-10.7537	9.85	-10.75	0.909012	-2.72703	
9.89268	-10.8451	0.620525	-2.47433	9.84397	-10.9287	9.85	-10.9	0	-3.00318	
9.89799	-10.996	0.558771	-2.53665	9.85693	-11.0512	9.85	-11.05	0	-3.00316	
9.91993	-11.122	0.557328	-2.54956	9.74773	-11.0482	9.85	-11.2	0	-3.00013	
9.91016	-11.2858	0.467853	-2.63341	9.84407	-11.3565	9.85	-11.35	0	-3.00012	
9.93186	-11.4259	0.486555	-2.68004	9.79495	-11.4686	9.85	-11.5	0	-2.99592	
9.91702	-11.5922	0.395013	-2.75576	9.83943	-11.6467	9.85	-11.65	0	-2.99592	
9.88084	-11.6772	0.0139776	-2.30197	9.76634	-11.6976	9.8	-11.75	-0.908731	-1.81746	
9.84021	-11.8285	-0.0800483	-2.36332	9.74774	-11.8511	9.75	-11.85	-0.908731	-1.81746	
9.82451	-11.9544	-0.152095	-2.29667	9.7856	-12.1262	9.7	-12	-0.909591	-2.72875	
9.7614	-12.1135	-0.27706	-2.37777	9.64482	-12.1455	9.65	-12.15	-0.909582	-2.72873	
9.73396	-12.2406	-0.326158	-2.3426	9.57233	-12.2948	9.6	-12.3	-0.908879	-2.72667	
9.65989	-12.4077	-0.45601	-2.4337	9.55167	-12.4583	9.55	-12.45	-0.908879	-2.72665	
9.58556	-12.4839	-0.751896	-2.05489	9.37132	-12.4833	9.45	-12.55	-1.82006	-1.82006	
9.48469	-12.6281	-0.887415	-2.13304	9.359	-12.6499	9.35	-12.65	-1.82005	-1.82005	
9.38479	-12.6662	-1.22537	-1.67915	9.16109	-12.6848	9.2	-12.75	-3.00047	-2.00033	
9.2301	-12.7978	-1.43805	-1.79927	9.028	-12.8337	9.05	-12.85	-3.00048	-2.00033	
9.11219	-12.8502	-1.65383	-1.50543	8.85918	-12.7953	8.95	-12.9	-1.81543	-0.907707	
8.96475	-12.9584	-1.78176	-1.57044	8.84257	-12.9684	8.85	-12.95	-1.81542	-0.907708	
8.84907	-13.028	-1.86689	-1.46534	8.66865	-13.0114	8.7	-13.05	-2.73134	-1.82089	
8.68462	-13.1352	-2.00783	-1.53407	8.55319	-13.1445	8.55	-13.15	-2.73135	-1.82089	
8.51647	-13.1064	-2.43106	-0.860921	8.27267	-12.996	8.4	-13.15	-2.99683	0	
8.35445	-13.1615	-2.5216	-0.895796	8.25965	-13.1488	8.25	-13.15	-2.9968	0	
8.21049	-13.2077	-2.52053	-0.911484	8.04571	-13.0646	8.1	-13.2	-2.72707	-0.909028	
8.03774	-13.2665	-2.59709	-0.937628	7.95841	-13.2508	7.95	-13.25	-2.72705	-0.90902	
7.87189	-13.2812	-2.76186	-0.657942	7.866	-13.4154	7.8	-13.25	-2.7295	0	
7.69649	-13.3105	-2.81184	-0.652139	7.62489	-13.249	7.65	-13.25	-2.7295	0	
7.53964	-13.3129	-2.91959	-0.45532	7.50783	-13.2944	7.5	-13.25	-2.99994	0	
7.38527	-13.3209	-2.934	-0.431378	7.3419	-13.2474	7.35	-13.25	-2.99994	0	
7.19458	-13.28	-3.14291	-0.0171505	7.19781	-13.1973	7.2	-13.2	-2.72698	0.908995	
7.0407	-13.2525	-3.09387	0.0397047	7.04935	-13.1606	7.05	-13.15	-2.72695	0.908987	
6.85938	-13.2227	-3.15919	0.18075	6.79473	-13.0433	6.85	-13.15	-3.63709	0	
6.67903	-13.2044	-3.1719	0.194184	6.65123	-13.1604	6.65	-13.15	-3.63709	0	
6.50466	-13.1568	-3.29397	0.459739	6.54115	-13.2079	6.5	-13.1	-3.0006	1.00018	
6.35167	-13.1132	-3.26289	0.499478	6.35317	-13.0396	6.35	-13.05	-3.0006	1.00019	
6.20016	-13.141	-3.08048	0.12017	6.27012	-13.1139	6.25	-13.05	-1.81729	0	
6.07434	-13.1072	-2.97654	0.179947	6.14459	-13.0471	6.15	-13.05	-1.81729	0	
5.88747	-13.0227	-3.17136	0.664235	5.99498	-12.9442	6	-12.95	-2.72861	1.81906	
5.77379	-12.9444	-3.026	0.754135	5.86379	-12.8408	5.85	-12.85	-2.72861	1.81907	
5.62276	-12.8896	-3.05483	0.862317	5.73761	-12.8672	5.7	-12.8	-2.99988	0.999964	
5.50332	-12.8208	-2.97407	0.915742	5.55118	-12.7486	5.55	-12.75	-2.99985	0.999954	
5.36446	-12.7846	-2.92844	0.839579	5.45236	-12.7392	5.45	-12.7	-2.00001	1	
5.26891	-12.7133	-2.80707	0.903521	5.35556	-12.6423	5.35	-12.65	-1.99998	0.999994	
5.12299	-12.6276	-2.88452	1.15664	5.26451	-12.5511	5.25	-12.55	-1.99732	1.99733	
5.03814	-12.5331	-2.74166	1.23513	5.13769	-12.4355	5.15	-12.45	-1.9973	1.9973	
4.89441	-12.4531	-2.75735	1.34451	5.1317	-12.5744	5.05	-12.35	-1.8206	1.82059	
4.81779	-12.3391	-2.57925	1.43284	4.94432	-12.2438	4.95	-12.25	-1.82058	1.82058	
4.67576	-12.1942	-2.73439	1.91939	4.89215	-12.1623	4.85	-12.1	-1.9998	2.99969	
4.61614	-12.0575	-2.55059	2.00886	4.75047	-11.9578	4.75	-11.95	-1.9998	2.9997	
4.50831	-11.9718	-2.45891	1.85836	4.6421	-11.7788	4.7	-11.85	-1.00002	2.00003	
4.47429	-11.8388	-2.248	1.94948	4.63967	-11.7513	4.65	-11.75	-1.00001	2.00002	
4.36291	-11.6996	-2.30827	2.20938	4.58347	-11.632	4.6	-11.6	-0.998955	2.99688	
4.35622	-11.5448	-2.05083	2.31267	4.56619	-11.4576	4.55	-11.45	-0.99896	2.99689	
4.26275	-11.4001	-2.05963	2.45779	4.46846	-11.2092	4.5	-11.3	-1.00106	3.00319	
4.26224	-11.2341	-1.81689	2.55829	4.46017	-11.1425	4.45	-11.15	-1.00106	3.00319	
4.20537	-11.1514	-1.59997	2.13465	4.43671	-11.0976	4.45	-11.05	0	1.8168	
4.22549	-10.9984	-1.34549	2.22323	4.43803	-10.9525	4.45	-10.95	0	1.81679	
4.1733	-10.8656	-1.32842	2.32077	4.40556	-10.7068	4.45	-10.8	0	3.00139	
4.22217	-10.7117	-1.05723	2.41646	4.45507	-10.6618	4.45	-10.65	0	3.00138	
4.21208	-10.6366	-0.855624	2.07431	4.44716	-10.5583	4.45	-10.55	0	2.00041	
4.26289	-10.4985	-0.634498	2.15916	4.45187	-10.4417	4.45	-10.45	0	2.00038	
4.25028	-10.3801	-0.585646	2.17775	4.45602	-10.2142	4.5	-10.3	0.999584	2.99875	
4.33172	-10.2252	-0.322663	2.28879	4.55349	-10.1343	4.55	-10.15	0.999574	2.99871	
4.32798	-10.078	-0.318155	2.40318	4.56608	-10.005	4.55	-10	0	2.72717	
4.39524	-9.9097	-0.116871	2.49104	4.55922	-9.84124	4.55	-9.85	0	2.72714	
4.42438	-9.79063	0.0332133	2.31622	4.62339	-9.6559	4.65	-9.7	1.8193	2.72895	
4.53498	-9.61694	0.291166	2.43077	4.7439	-9.53522	4.75	-9.55	1.81929	2.72894	
4.56207	-9.46682	0.29001	2.55959	4.74852	-9.27389	4.8	-9.4	1.00006	3.00019	
4.6649	-9.30192	0.498724	2.65328	4.8446	-9.24095	4.85	-9.25	1.00005	3.00015	
4.75254	-9.22932	0.813317	2.21594	4.98605	-9.20516	4.95	-9.15	2.00004	2.00005	
4.86761	-9.08586	0.989111	2.29921	5.02283	-9.03066	5.05	-9.05	2.00004	2.00004	
4.91968	-8.94349	0.930605	2.47536	5.12819	-8.95913	5.1	-8.9	0.999704	2.99911	
5.02347	-8.79014	1.06687	2.54858	5.14109	-8.73073	5.15	-8.75	0.999689	2.99907	
5.13398	-8.7032	1.33532	2.18998	5.33883	-8.81618	5.25	-8.65	1.81848	1.81849	
5.25488	-8.56831	1.44436	2.23238	5.36408	-8.56805	5.35	-8.55	1.81846	1.81846	
5.32343	-8.43058	1.3848	2.37188	5.38848	-8.31037	5.45	-8.4	2.00068	3.00103	
5.43892	-8.28903	1.4935	2.43126	5.53874	-8.25196	5.55	-8.25	2.00066	3.00099	
5.55078	-8.19648	1.71244	2.18107	5.56632	-8.04704	5.65	-8.15	1.99952	1.99953	
5.6696	-8.07199	1.78946	2.22229	5.7459	-8.05196	5.75	-8.05	1.9995	1.9995	
5.75474	-7.94872	1.74718	2.29402	5.78426	-7.91676	5.8	-7.95	0.999944	1.99989	
5.84065	-7.84339	1.74039	2.27531	5.84978	-7.88144	5.85	-7.85	0.999939	1.99988	
5.93964	-7.74082	1.81977	2.18403	5.92249	-7.69769	5.95	-7.75	1.99772	1.99772	
6.03209	-7.63413	1.82159	2.17935	6.04031	-7.64732	6.05	-7.65	1.99771	1.9977	
6.14536	-7.52818	1.90254	2.08747	6.16773	-7.55437	6.15	-7.55	1.8199	1.8199	
6.24369	-7.4232	1.88579	2.06576	6.23866	-7.45306	6.25	-7.45	1.8199	1.81991	
6.37201	-7.34943	2.13191	1.81171	6.25322	-7.17734	6.4	-7.35	2.99605	1.99736	
6.49941	-7.25055	2.17793	1.83569	6.55461	-7.24907	6.55	-7.25	2.99605	1.99736	
6.64253	-7.17416	2.32737	1.67878	6.67172	-7.23041	6.65	-7.2	1.8206	0.910303	
6.75798	-7.10133	2.29441	1.63455	6.74664	-7.15616	6.75	-7.15	1.8206	0.910298	
6.84635	-7.00038	2.13767	1.77385	6.79888	-6.99594	6.85	-7.05	1.99848	1.99848	
6.94932	-6.92324	2.12491	1.74844	6.95342	-6.96092	6.95	-6.95	1.99846	1.99846	
7.09307	-6.85047	2.28122	1.60581	7.17955	-6.9446	7.1	-6.85	2.72688	1.81792	
7.22947	-6.75068	2.30759	1.63362	7.24929	-6.7261	7.25	-6.75	2.72688	1.81792	
7.33301	-6.64228	2.12982	1.78484	7.42782	-6.72337	7.35	-6.65	1.81821	1.81821	
7.45312	-6.54408	2.13576	1.78592	7.46332	-6.54842	7.45	-6.55	1.81821	1.81821	
7.58042	-6.46128	2.21811	1.69881	7.54452	-6.5069	7.55	-6.5	1.81726	0.908632	
7.68187	-6.39741	2.16649	1.6286	7.65373	-6.46481	7.65	-6.45	1.81726	0.908632	
7.84003	-6.3455	2.42848	1.40305	7.8635	-6.45394	7.8	-6.4	2.72951	0.909839	
7.95899	-6.29161	2.39164	1.34831	7.94162	-6.34466	7.95	-6.35	2.72948	0.909826	
8.03836	-6.20012	2.16626	1.50333	7.89525	-6.11857	8.05	-6.25	2.00047	2.00048	
8.13961	-6.13191	2.15017	1.48596	8.12355	-6.14389	8.15	-6.15	2.00048	2.00048	
8.26993	-6.05473	2.21583	1.44919	8.31422	-6.05705	8.3	-6.05	2.72702	1.81801	
8.40655	-5.96892	2.24605	1.46729	8.45315	-5.97158	8.45	-5.95	2.727	1.818	
8.51678	-5.8943	2.22898	1.47864	8.53167	-5.90349	8.55	-5.9	2.00127	1.00064	
8.63021	-5.82297	2.23186	1.47374	8.64207	-5.83392	8.65	-5.85	2.00128	1.00064	
8.77028	-5.7636	2.39061	1.38185	8.88764	-5.82241	8.8	-5.75	2.99963	1.99976	
8.90535	-5.67681	2.42561	1.42583	8.94256	-5.64534	8.95	-5.65	2.99961	1.99974	
9.00939	-5.59026	2.25447	1.53845	9.21669	-5.64514	9.05	-5.55	1.99699	1.997	
9.13371	-5.49396	2.28204	1.58473	9.15342	-5.45253	9.15	-5.45	1.997	1.99701	
9.23295	-5.38907	2.1164	1.68468	9.16723	-5.29709	9.25	-5.35	1.8166	1.81659	
9.354	-5.27906	2.13019	1.72473	9.34852	-5.23619	9.35	-5.25	1.8166	1.81659	
9.45139	-5.17226	2.01126	1.79219	9.39027	-5.1041	9.45	-5.15	1.8222	1.82219	
9.55963	-5.06753	2.00923	1.80609	9.54207	-5.04728	9.55	-5.05	1.82219	1.82219	
9.6786	-4.99077	2.14834	1.72459	9.62802	-5.02338	9.65	-5	1.99604	0.998028	
9.77587	-4.91844	2.12549	1.68994	9.75	-4.94288	9.75	-4.95	1.99605	0.998028	
9.86367	-4.81649	1.92909	1.77199	9.88102	-4.86216	9.85	-4.85	1.81895	1.81894	
9.96141	-4.73413	1.90985	1.73562	9.94502	-4.76247	9.95	-4.75	1.81894	1.81894	
10.0393	-4.62669	1.718	1.82085	10.0747	-4.62454	10.05	-4.6	1.81966	2.72951	
10.14	-4.50339	1.73544	1.87554	10.1384	-4.4533	10.15	-4.45	1.81965	2.72948	
10.2317	-4.39524	1.72245	1.88955	10.1743	-4.32841	10.25	-4.35	1.81908	1.81907	
10.3332	-4.27965	1.73759	1.918	10.3492	-4.25956	10.35	-4.25	1.81908	1.81907	
10.4208	-4.17769	1.70391	1.94588	10.56	-4.15868	10.45	-4.1	2.00061	3.0009	
10.5235	-4.03945	1.74458	2.04429	10.5557	-3.96034	10.55	-3.95	2.0006	3.0009	
10.6405	-3.9378	1.90591	2.01205	10.7738	-3.89129	10.65	-3.85	1.99963	1.99964	
10.7419	-3.80909	1.92314	2.07844	10.7394	-3.74821	10.75	-3.75	1.99962	1.99962	
10.7663	-3.67915	1.43632	2.24022	10.7674	-3.58281	10.8	-3.6	0.999844	2.99952	
10.8497	-3.52442	1.4655	2.34184	10.8596	-3.4348	10.85	-3.45	0.999834	2.99949	
10.9597	-3.41183	1.71179	2.28523	10.9601	-3.36033	10.95	-3.35	2.00065	2.00064	
11.0487	-3.28276	1.72064	2.32052	11.0504	-3.25128	11.05	-3.25	2.00064	2.00064	
11.0762	-3.1498	1.33218	2.4261	11.0282	-3.07488	11.1	-3.1	0.998546	2.99563	
11.1497	-3.00094	1.34867	2.49135	11.1569	-2.944	11.15	-2.95	0.998526	2.9956	
11.1434	-2.84559	0.799842	2.61996	11.1386	-2.78926	11.15	-2.8	0	2.73104	
11.1815	-2.68727	0.792187	2.65328	11.141	-2.65084	11.15	-2.65	0	2.73102	
11.1831	-2.53636	0.526414	2.70135	11.1042	-2.54354	11.15	-2.55	0	1.81785	
11.1977	-2.41453	0.497856	2.63663	11.1497	-2.45904	11.15	-2.45	0	1.81785	
11.2938	-2.29167	1.00781	2.55069	11.1658	-2.25651	11.25	-2.25	1.99733	3.99465	
11.3514	-2.12622	1.02478	2.64079	11.3591	-2.05184	11.35	-2.05	1.99733	3.99465	
11.3581	-1.97265	0.699508	2.69269	11.3117	-1.92025	11.35	-1.95	0	1.81854	
11.3869	-1.84045	0.681504	2.65433	11.3504	-1.8663	11.35	-1.85	0	1.81853	
11.3964	-1.6924	0.486094	2.67693	11.4185	-1.70062	11.35	-1.7	0	2.72762	
11.4119	-1.54285	0.467319	2.68193	11.3568	-1.53205	11.35	-1.55	0	2.72762	
11.3455	-1.39009	-0.132328	2.73657	11.2541	-1.38373	11.3	-1.4	-0.908846	2.72653	
11.3215	-1.24328	-0.160996	2.72708	11.2429	-1.24238	11.25	-1.25	-0.908846	2.72653	
11.2163	-1.0908	-0.775873	2.76672	11.0754	-1.08747	11.15	-1.1	-1.82014	2.73021	
11.1531	-0.937589	-0.810392	2.76919	11.0544	-0.927069	11.05	-0.949999	-1.82013	2.73021	
11.0781	-0.799175	-1.00515	2.77598	10.9247	-0.791253	11	-0.799999	-1.00036	3.00107	
11.0139	-0.65525	-1.02769	2.78824	10.9434	-0.640459	10.95	-0.65	-1.00035	3.00104	
10.8888	-0.515626	-1.4826	2.79715	10.7146	-0.485949	10.85	-0.5	-2.00003	3.00006	
10.8037	-0.372331	-1.50033	2.80549	10.7471	-0.362528	10.75	-0.35	-2.00002	3.00003	
10.705	-0.225944	-1.60584	2.78744	10.6895	-0.304531	10.65	-0.3	-1.81779	0.908892	
10.6028	-0.13968	-1.62961	2.62707	10.547	-0.266677	10.55	-0.25	-1.81778	0.908893	
10.4461	-0.0232646	-2.1553	2.59303	10.5032	-0.154501	10.4	-0.15	-3.00061	2.00041	
10.3224	0.0541416	-2.18158	2.46827	10.2485	-0.0475524	10.25	-0.0499992	-3.0006	2.00041	
10.2224	0.154569	-2.09611	2.41214	10.1407	-0.0721585	10.15	-0.0499992	-1.99645	0	
10.1019	0.16704	-2.12134	2.15236	10.0313	-0.0518611	10.05	-0.0499992	-1.99644	0	
9.95693	0.257016	-2.34561	2.08294	10.0898	-0.00166396	9.9	9.49949e-07	-2.73175	0.910584	
9.81385	0.261806	-2.36906	1.81987	9.74695	0.0464954	9.75	0.0500011	-2.73174	0.910584	
9.64563	0.323641	-2.67206	1.74628	9.50401	0.0833188	9.6	0.100001	-2.99544	0.998471	
9.50284	0.325147	-2.68608	1.53936	9.45825	0.149456	9.45	0.15	-2.99545	0.998471	
9.39246	0.38407	-2.39117	1.48154	9.22819	0.16178	9.35	0.15	-1.81963	0	
9.25853	0.357323	-2.39376	1.22003	9.24456	0.139817	9.25	0.15	-1.81962	0	
9.09997	0.393005	-2.65184	1.15389	9.0729	0.205961	9.1	0.2	-3.00059	1.0002	
8.96703	0.385997	-2.65118	0.996875	8.96281	0.250937	8.95	0.25	-3.0006	1.0002	
8.81789	0.414275	-2.76953	0.941401	8.84168	0.257617	8.8	0.25	-2.99995	0	
8.67626	0.39271	-2.77303	0.774377	8.65606	0.24536	8.65	0.25	-2.99994	0	
8.52749	0.408783	-2.81897	0.717856	8.43549	0.247188	8.5	0.25	-2.99323	0	
8.37979	0.384246	-2.82803	0.570199	8.34184	0.250769	8.35	0.25	-2.9932	0	
8.23797	0.39336	-2.74463	0.516899	8.27073	0.243988	8.2	0.25	-2.73233	0	
8.07996	0.370675	-2.75586	0.391874	8.03847	0.260731	8.05	0.25	-2.73234	0	
7.93711	0.364314	-2.80288	0.326743	7.98053	0.204587	7.9	0.2	-3.00234	-1.00078	
7.78765	0.309091	-2.81703	0.150698	7.73327	0.149199	7.75	0.15	-3.00231	-1.00077	
7.62215	0.291377	-2.9471	0.0867708	7.46173	0.143776	7.6	0.15	-2.99599	0	
7.47189	0.251561	-2.95084	-0.0226239	7.45455	0.149294	7.45	0.15	-2.99596	0	
7.37872	0.226063	-2.47888	-0.0801903	7.37986	0.0951006	7.35	0.100001	-1.81801	-0.908998	
7.24695	0.170455	-2.47062	-0.207891	7.26713	0.055036	7.25	0.0500011	-1.81801	-0.908998	
7.1021	0.126089	-2.58565	-0.289709	7.32548	-0.0461763	7.1	-0.0499995	-2.72495	-1.81664	
6.95545	0.034769	-2.59347	-0.478514	6.93127	-0.133333	6.95	-0.15	-2.72492	-1.81662	
6.92665	-0.0469664	-1.86067	-0.639934	7.09668	-0.264116	6.9	-0.25	-0.910634	-1.82126	
6.82829	-0.162757	-1.85668	-0.842446	6.84796	-0.34284	6.85	-0.35	-0.910622	-1.82124	
6.65999	-0.241458	-2.35703	-0.91024	6.64638	-0.45061	6.7	-0.45	-2.99641	-1.99759	
6.54213	-0.360735	-2.3613	-1.09628	6.54772	-0.536719	6.55	-0.549999	-2.99637	-1.99757	
6.50014	-0.491243	-1.75501	-1.32428	6.50462	-0.718	6.5	-0.7	-0.909955	-2.72986	
6.41024	-0.648708	-1.75214	-1.53816	6.45451	-0.851695	6.45	-0.85	-0.909955	-2.72986	
6.38743	-0.789762	-1.30436	-1.75164	6.42547	-0.999512	6.4	-1	-0.999224	-2.99766	
6.32461	-0.958582	-1.31171	-1.95706	6.3554	-1.1624	6.35	-1.15	-0.99921	-2.99763	
6.26768	-1.11664	-1.15701	-2.11338	6.14523	-1.27904	6.3	-1.3	-0.908722	-2.72618	
6.20495	-1.29591	-1.16686	-2.27258	6.2299	-1.45381	6.25	-1.45	-0.908718	-2.72616	
6.26609	-1.48742	-0.318448	-2.5861	6.37158	-1.60661	6.3	-1.6	0.910485	-2.73144	
6.26261	-1.66276	-0.301181	-2.66645	6.34473	-1.75136	6.35	-1.75	0.910481	-2.73144	
6.2734	-1.81841	-0.132555	-2.75578	6.34	-1.88987	6.35	-1.9	0	-2.99515	
6.28037	-1.97734	-0.11443	-2.80389	6.35828	-2.03886	6.35	-2.05	0	-2.99515	
6.28904	-2.14554	-0.0449879	-2.85146	6.45002	-2.23466	6.35	-2.2	0	-2.72856	
6.29488	-2.31162	-0.0327927	-2.87176	6.34057	-2.34076	6.35	-2.35	0	-2.72854	
6.34986	-2.49942	0.325241	-3.03532	6.4979	-2.56206	6.4	-2.5	0.908227	-2.7247	
6.38381	-2.65865	0.35678	-3.0109	6.45265	-2.65056	6.45	-2.65	0.908223	-2.72467	
6.3722	-2.80099	0.111905	-2.87716	6.46538	-2.81029	6.45	-2.8	0	-2.72732	
6.39398	-2.95022	0.143525	-2.85014	6.45762	-2.94003	6.45	-2.95	0	-2.7273	
6.44921	-3.13414	0.489857	-3.03296	6.36717	-3.08903	6.5	-3.15	0.909078	-3.6363	
6.48721	-3.30872	0.507847	-3.04711	6.54349	-3.33906	6.55	-3.35	0.90907	-3.63626	
6.5303	-3.48384	0.582154	-3.08618	6.6454	-3.53435	6.6	-3.5	0.910038	-2.7301	
6.5798	-3.65337	0.615174	-3.07934	6.65608	-3.67065	6.65	-3.65	0.910033	-2.7301	
6.61846	-3.81717	0.615878	-3.05793	6.70981	-3.81998	6.7	-3.8	0.908095	-2.7243	
6.67244	-3.97255	0.658712	-3.02037	6.74422	-3.95901	6.75	-3.95	0.908091	-2.72428	
6.70216	-4.11984	0.592858	-2.94312	6.72525	-4.05329	6.8	-4.1	0.910949	-2.73284	
6.7577	-4.26726	0.642023	-2.90213	6.83817	-4.25449	6.85	-4.25	0.910945	-2.73284	
6.77759	-4.38553	0.51656	-2.77356	6.86491	-4.32753	6.9	-4.35	0.999834	-1.99968	
6.83759	-4.49556	0.592306	-2.69553	6.94879	-4.45387	6.95	-4.45	0.999829	-1.99966	
6.92504	-4.65419	0.952464	-2.89859	6.99339	-4.57763	7.05	-4.6	1.99653	-2.99479	
7.00978	-4.77927	1.03049	-2.83872	7.14339	-4.76622	7.15	-4.75	1.99653	-2.99479	
7.05151	-4.89376	0.92474	-2.7148	7.11889	-4.79341	7.2	-4.85	1.00098	-2.00196	
7.13623	-4.99655	1.0108	-2.62693	7.25883	-4.94719	7.25	-4.95	1.00097	-2.00194	
7.19519	-5.13012	0.997648	-2.5846	7.28536	-5.09276	7.3	-5.1	0.90969	-2.72906	
7.27066	-5.25943	1.04247	-2.54874	7.33925	-5.24908	7.35	-5.25	0.909677	-2.72904	
7.37539	-5.41768	1.40506	-2.79584	7.33914	-5.30864	7.45	-5.4	1.99976	-2.99964	
7.46811	-5.54885	1.4519	-2.76827	7.5499	-5.55354	7.55	-5.55	1.99976	-2.99964	
7.51197	-5.65588	1.22639	-2.57421	7.59167	-5.64447	7.6	-5.65	1.00038	-2.00076	
7.59235	-5.76566	1.27058	-2.52612	7.64483	-5.73357	7.65	-5.75	1.00037	-2.00074	
7.68321	-5.91439	1.41836	-2.62421	7.6402	-5.81769	7.75	-5.9	1.81659	-2.7249	
7.78023	-6.05022	1.45887	-2.59866	7.84396	-6.051	7.85	-6.05	1.81659	-2.7249	
7.82309	-6.15437	1.16983	-2.34867	7.91394	-6.15143	7.9	-6.15	0.909251	-1.81851	
7.9037	-6.27178	1.20626	-2.31768	7.95018	-6.25957	7.95	-6.25	0.909247	-1.81849	
7.99105	-6.40474	1.31167	-2.37364	8.10134	-6.38026	8.05	-6.35	1.81576	-1.81577	
8.09208	-6.50592	1.37902	-2.30044	8.15891	-6.45832	8.15	-6.45	1.81577	-1.81577	
8.2002	-6.64832	1.55603	-2.41834	8.3424	-6.65648	8.25	-6.6	1.8218	-2.73269	
8.29977	-6.7673	1.5888	-2.38414	8.33273	-6.74641	8.35	-6.75	1.8218	-2.73269	
8.37643	-6.8889	1.49246	-2.30223	8.46635	-6.96022	8.4	-6.9	0.907987	-2.72401	
8.453	-7.02357	1.47861	-2.32083	8.44383	-7.03914	8.45	-7.05	0.907988	-2.72398	
8.52947	-7.15395	1.44994	-2.31305	8.53661	-7.23635	8.5	-7.2	0.910054	-2.73014	
8.58878	-7.31013	1.39946	-2.38098	8.55761	-7.36836	8.55	-7.35	0.910046	-2.73012	
8.66626	-7.43767	1.44209	-2.42259	8.70486	-7.48959	8.65	-7.45	1.99827	-1.99828	
8.74308	-7.55636	1.45217	-2.41559	8.7565	-7.55536	8.75	-7.55	1.99828	-1.99828	
8.81465	-7.68521	1.41416	-2.39004	8.74707	-7.66927	8.8	-7.7	0.909061	-2.72717	
8.87876	-7.83067	1.38207	-2.42386	8.85031	-7.85391	8.85	-7.85	0.909053	-2.72715	
8.94437	-7.95926	1.32789	-2.3861	8.88546	-7.96913	8.9	-8	0.908945	-2.72688	
8.99408	-8.11684	1.27218	-2.44851	8.95085	-8.16397	8.95	-8.15	0.908953	-2.72687	
9.05905	-8.24761	1.24457	-2.42503	9.03618	-8.239	9.05	-8.25	1.82026	-1.82027	
9.13656	-8.36957	1.26672	-2.39873	9.15149	-8.34807	9.15	-8.35	1.82025	-1.82026	
9.21505	-8.50442	1.38838	-2.51394	9.14011	-8.44049	9.2	-8.5	0.999884	-2.99963	
9.26883	-8.64064	1.35351	-2.54104	9.22902	-8.65053	9.25	-8.65	0.999874	-2.9996	
9.33165	-8.76609	1.34392	-2.53911	9.23666	-8.722	9.3	-8.8	0.999284	-2.99783	
9.38499	-8.91164	1.30956	-2.58157	9.36398	-8.95164	9.35	-8.95	0.999284	-2.99784	
9.4246	-9.02467	1.07319	-2.35738	9.47823	-9.13791	9.4	-9.05	0.909209	-1.81844	
9.47148	-9.15953	1.04695	-2.37221	9.43696	-9.1575	9.45	-9.15	0.90921	-1.81843	
9.52848	-9.2934	1.06423	-2.39877	9.44585	-9.27158	9.5	-9.3	0.908483	-2.72543	
9.57203	-9.43713	1.02989	-2.42756	9.53884	-9.45193	9.55	-9.45	0.908475	-2.72542	
9.63565	-9.5811	1.06669	-2.47284	9.6872	-9.68187	9.6	-9.6	0.909756	-2.72927	
9.68467	-9.73009	1.0429	-2.50242	9.67284	-9.75791	9.65	-9.75	0.909739	-2.72923	
9.75489	-9.87957	1.14073	-2.61657	9.86489	-10.0711	9.7	-9.9	0.998626	-2.99586	
9.79172	-10.0262	1.09438	-2.65478	9.74713	-10.0467	9.75	-10.05	0.998616	-2.99584	
9.81637	-10.1397	0.865029	-2.42452	9.75497	-10.1932	9.75	-10.2	0	-2.72857	
9.82416	-10.308	0.772446	-2.50769	9.74697	-10.3629	9.75	-10.35	0	-2.72854	
9.86975	-10.4548	0.81846	-2.5707	9.77249	-10.4428	9.8	-10.5	0.909773	-2.7293	
9.89574	-10.6144	0.773626	-2.61341	9.86261	-10.6462	9.85	-10.65	0.909773	-2.7293	
9.91257	-10.7358	0.606845	-2.44303	9.86786	-10.8223	9.85	-10.8	0	-2.72846	
9.91139	-10.8986	0.526656	-2.51082	9.8455	-10.9408	9.85	-10.95	0	-2.72844	
9.93073	-11.034	0.480686	-2.47803	9.84594	-11.0973	9.85	-11.1	0	-2.72748	
9.9156	-11.2027	0.384542	-2.55546	9.83549	-11.2481	9.85	-11.25	0	-2.72745	
9.93669	-11.3421	0.406868	-2.60375	9.8926	-11.463	9.85	-11.4	0	-2.9967	
9.92427	-11.5052	0.328446	-2.67844	9.87136	-11.5692	9.85	-11.55	0	-2.99671	
9.91607	-11.6276	0.148827	-2.47757	9.89882	-11.7746	9.8	-11.7	-0.909227	-2.72768	
9.8651	-11.8062	0.0125127	-2.57922	9.74749	-11.8623	9.75	-11.85	-0.909218	-2.72765	
9.84186	-11.9261	-0.136349	-2.41167	9.75738	-12.0161	9.7	-12	-0.908714	-2.72613	
9.77378	-12.1	-0.275757	-2.51084	9.65408	-12.1513	9.65	-12.15	-0.908706	-2.7261	
9.72222	-12.1974	-0.503752	-2.23099	9.60373	-12.2428	9.6	-12.25	-0.909639	-1.81931	
9.64822	-12.3391	-0.60697	-2.28243	9.54006	-12.3354	9.55	-12.35	-0.90964	-1.8193	
9.56514	-12.4031	-0.91283	-1.88516	9.38815	-12.3607	9.45	-12.45	-1.81824	-1.81825	
9.46355	-12.5306	-1.02855	-1.94691	9.35049	-12.5377	9.35	-12.55	-1.81823	-1.81823	
9.37056	-12.5971	-1.27862	-1.6203	9.33568	-12.8372	9.2	-12.65	-2.72578	-1.81718	
9.2182	-12.7274	-1.46499	-1.72379	9.04708	-12.7528	9.05	-12.75	-2.72576	-1.81717	
9.12249	-12.8094	-1.53804	-1.63961	8.97697	-12.8161	8.95	-12.85	-1.8192	-1.81921	
8.97676	-12.9281	-1.67706	-1.71246	8.84904	-12.9423	8.85	-12.95	-1.81921	-1.81921	
8.86129	-12.9976	-1.79191	-1.56261	8.64934	-12.9537	8.7	-13.05	-2.72781	-1.81854	
8.69076	-13.1198	-1.95697	-1.65228	8.5479	-13.1496	8.55	-13.15	-2.7278	-1.81853	
8.52112	-13.1152	-2.37842	-0.98302	8.43462	-13.263	8.4	-13.15	-2.72644	0	
8.35186	-13.1766	-2.46355	-1.00804	8.26001	-13.1483	8.25	-13.15	-2.72641	0	
8.19354	-13.1702	-2.68931	-0.637941	8.10139	-13.1447	8.1	-13.15	-3.00083	0	
8.03015	-13.2021	-2.75194	-0.647108	7.95138	-13.1593	7.95	-13.15	-3.00084	0	
7.88104	-13.246	-2.72861	-0.697707	7.85182	-13.2702	7.8	-13.2	-2.72553	-0.908516	
7.70455	-13.2882	-2.78705	-0.71242	7.64076	-13.2654	7.65	-13.25	-2.72554	-0.908516	
7.5136	-13.2544	-3.05646	-0.212392	7.51359	-13.2891	7.5	-13.2	-2.72544	0.908483	
7.36022	-13.2372	-3.01651	-0.155739	7.35762	-13.1417	7.35	-13.15	-2.72544	0.908483	
7.1937	-13.2416	-3.02278	-0.137778	7.19553	-13.2012	7.2	-13.15	-2.73035	0	
7.04378	-13.2265	-2.98153	-0.0921577	7.05296	-13.1563	7.05	-13.15	-2.73035	0	
6.86912	-13.2078	-3.05947	0.067732	6.87644	-13.2105	6.85	-13.15	-3.63616	0	
6.69722	-13.1917	-3.06452	0.0889644	6.672	-13.1364	6.65	-13.15	-3.63617	0	
6.54295	-13.2149	-2.96119	-0.120164	6.53838	-13.1322	6.55	-13.15	-1.81656	0	
6.41427	-13.2006	-2.87987	-0.0736312	6.46904	-13.1587	6.45	-13.15	-1.81657	0	
6.23884	-13.1567	-3.00156	0.212201	6.22921	-13.0167	6.3	-13.1	-2.73109	0.910352	
6.1105	-13.1143	-2.91291	0.276499	6.15723	-13.0319	6.15	-13.05	-2.73109	0.91036	
5.9182	-13.0092	-3.1499	0.845261	5.95573	-12.8757	6	-12.95	-2.72331	1.81553	
5.79141	-12.9285	-3.03753	0.917739	5.85711	-12.8423	5.85	-12.85	-2.72331	1.81554	
5.63271	-12.8832	-3.00801	0.883147	5.73901	-12.8863	5.7	-12.8	-2.72842	0.909475	
5.50291	-12.8115	-2.9229	0.933048	5.5559	-12.7556	5.55	-12.75	-2.72839	0.909466	
5.33166	-12.7168	-3.02445	1.21868	5.41889	-12.699	5.4	-12.65	-2.731	1.82067	
5.19706	-12.6234	-2.94762	1.27301	5.23681	-12.5467	5.25	-12.55	-2.731	1.82066	
5.0389	-12.5389	-2.95886	1.35845	5.16911	-12.5003	5.15	-12.45	-1.81821	1.8182	
4.94239	-12.4295	-2.80167	1.43519	5.04959	-12.3548	5.05	-12.35	-1.8182	1.8182	
4.81009	-12.3461	-2.80238	1.51132	4.99996	-12.3538	4.95	-12.25	-1.99957	1.99957	
4.74417	-12.2317	-2.62562	1.59677	4.86969	-12.1416	4.85	-12.15	-1.99954	1.99955	
4.63391	-12.1626	-2.54318	1.48955	4.83937	-12.0439	4.8	-12.05	-0.999954	1.99993	
4.60266	-12.0413	-2.3151	1.59411	4.77326	-11.9345	4.75	-11.95	-0.999959	1.99992	
4.47348	-11.8892	-2.44841	2.02814	4.5839	-11.6711	4.65	-11.8	-2.0002	3.00031	
4.42145	-11.7468	-2.27913	2.11614	4.54148	-11.6336	4.55	-11.65	-2.0002	3.0003	
4.33795	-11.6756	-2.13217	1.84348	4.53697	-11.5591	4.55	-11.55	0	1.99749	
4.34069	-11.5395	-1.87311	1.94615	4.55238	-11.4548	4.55	-11.45	0	1.99746	
4.2272	-11.3502	-2.02884	2.46899	4.47604	-11.2089	4.5	-11.25	-0.90916	3.63662	
4.23592	-11.1624	-1.7433	2.58939	4.45629	-11.0538	4.45	-11.05	-0.909152	3.63659	
4.19267	-11.0898	-1.46455	2.04521	4.39651	-10.8822	4.45	-10.95	0	1.81807	
4.23258	-10.9338	-1.18035	2.15122	4.45899	-10.8664	4.45	-10.85	0	1.81808	
4.19081	-10.808	-1.13084	2.18365	4.493	-10.7885	4.45	-10.7	0	2.72865	
4.23975	-10.6418	-0.867363	2.29343	4.44058	-10.5544	4.45	-10.55	0	2.72864	
4.21525	-10.5109	-0.801347	2.28097	4.44399	-10.3941	4.45	-10.4	0	2.72392	
4.26869	-10.3404	-0.568907	2.38608	4.44086	-10.2469	4.45	-10.25	0	2.72391	
4.26728	-10.2159	-0.472384	2.3154	4.53203	-10.1814	4.5	-10.1	0.909624	2.72885	
4.35087	-10.0402	-0.211945	2.43127	4.54793	-9.94716	4.55	-9.95	0.909615	2.72884	
4.37116	-9.90951	-0.0947123	2.3405	4.57622	-9.70974	4.6	-9.8	0.909111	2.72733	
4.46538	-9.73359	0.142278	2.45332	4.64364	-9.63888	4.65	-9.65	0.909107	2.72732	
4.51081	-9.61231	0.282869	2.32318	4.76627	-9.54952	4.75	-9.5	1.81921	2.7288	
4.63078	-9.44065	0.529641	2.43343	4.82761	-9.37054	4.85	-9.35	1.81921	2.7288	
4.68312	-9.29559	0.586801	2.45853	4.89701	-9.18082	4.9	-9.2	0.908739	2.72622	
4.79548	-9.11965	0.777623	2.55763	4.94177	-9.04086	4.95	-9.05	0.908743	2.72623	
4.88991	-9.02841	1.03366	2.20978	5.09012	-9.06486	5.05	-8.95	1.8169	1.81688	
5.0113	-8.87981	1.18498	2.28001	5.1385	-8.8446	5.15	-8.85	1.81688	1.81688	
5.09561	-8.75116	1.25117	2.2568	5.21345	-8.63875	5.25	-8.7	1.8201	2.73014	
5.2239	-8.59717	1.39191	2.33246	5.33853	-8.54729	5.35	-8.55	1.82008	2.73013	
5.31665	-8.47599	1.472	2.25393	5.35874	-8.39385	5.4	-8.45	0.910244	1.82049	
5.41644	-8.34908	1.51422	2.26609	5.46213	-8.36055	5.45	-8.35	0.910249	1.8205	
5.48867	-8.22031	1.4434	2.392	5.63723	-8.3352	5.55	-8.2	1.99657	2.99484	
5.58658	-8.08589	1.504	2.42887	5.63863	-8.05978	5.65	-8.05	1.99657	2.99485	
5.70368	-7.9794	1.7142	2.19506	5.69655	-7.84304	5.75	-7.95	1.81871	1.81872	
5.8116	-7.85361	1.74529	2.20975	5.84353	-7.85177	5.85	-7.85	1.81871	1.81871	
5.93924	-7.75944	1.9394	1.99667	5.9537	-7.7033	6	-7.75	2.72961	1.81974	
6.07289	-7.64469	1.99855	2.01609	6.14453	-7.66253	6.15	-7.65	2.72961	1.81974	
6.18101	-7.5428	2.01897	2.01793	6.27	-7.55894	6.25	-7.55	1.9992	1.9992	
6.29745	-7.43737	2.05284	2.03258	6.3386	-7.44193	6.35	-7.45	1.99918	1.99918	
6.41618	-7.32804	2.08063	2.0119	6.44365	-7.32743	6.45	-7.35	1.81911	1.81911	
6.53243	-7.22514	2.08143	1.99697	6.54947	-7.257	6.55	-7.25	1.81909	1.81909	
6.64647	-7.13642	2.13121	1.94291	6.71635	-7.22979	6.65	-7.15	1.99996	1.99996	
6.7534	-7.03767	2.1326	1.9463	6.7522	-7.03215	6.75	-7.05	1.99996	1.99996	
6.87977	-6.96442	2.28474	1.78385	6.81357	-6.96259	6.85	-7	1.99752	0.998765	
6.97818	-6.89291	2.24529	1.74143	6.95051	-6.93564	6.95	-6.95	1.99752	0.998765	
7.10491	-6.80572	2.29894	1.67826	7.00414	-6.76319	7.1	-6.85	2.73035	1.82023	
7.23389	-6.72184	2.30106	1.66182	7.25571	-6.75585	7.25	-6.75	2.73035	1.82023	
7.33308	-6.62725	2.20887	1.73701	7.28718	-6.59248	7.35	-6.65	2.0006	2.0006	
7.43936	-6.54365	2.19944	1.72874	7.42947	-6.54884	7.45	-6.55	2.00058	2.00058	
7.56731	-6.47493	2.31714	1.62317	7.58756	-6.53752	7.55	-6.5	1.99841	0.999204	
7.67189	-6.40852	2.28909	1.58769	7.65263	-6.44325	7.65	-6.45	1.99838	0.999195	
7.83119	-6.36558	2.60067	1.33777	7.78988	-6.37954	7.8	-6.4	2.99952	0.999844	
7.95691	-6.30941	2.58807	1.31332	7.95705	-6.33998	7.95	-6.35	2.99949	0.999829	
8.04717	-6.20645	2.22366	1.56727	8.1289	-6.31809	8.05	-6.25	1.81603	1.81603	
8.16359	-6.12744	2.20935	1.54949	8.15184	-6.14215	8.15	-6.15	1.81603	1.81603	
8.25552	-6.02539	2.0452	1.65667	8.12981	-5.95044	8.25	-6.05	1.81921	1.81921	
8.36181	-5.94102	2.03108	1.64009	8.34844	-5.95288	8.35	-5.95	1.81921	1.81921	
8.52602	-5.88595	2.40108	1.39073	8.45627	-5.87026	8.5	-5.9	2.729	0.909673	
8.6528	-5.81817	2.38825	1.37003	8.64546	-5.83668	8.65	-5.85	2.72898	0.909661	
8.78466	-5.74367	2.41774	1.35024	8.68227	-5.68169	8.8	-5.75	2.72771	1.81848	
8.92624	-5.66392	2.43578	1.36499	8.95179	-5.66017	8.95	-5.65	2.72772	1.81848	
9.01172	-5.57281	2.19767	1.50963	8.99196	-5.51961	9.05	-5.55	1.99939	1.9994	
9.13187	-5.48243	2.22154	1.54586	9.15234	-5.45358	9.15	-5.45	1.9994	1.9994	
9.24976	-5.39667	2.1925	1.55812	9.25593	-5.41629	9.25	-5.4	1.81776	0.90888	
9.36305	-5.32037	2.17601	1.53492	9.3462	-5.33648	9.35	-5.35	1.81776	0.908875	
9.4162	-5.20321	1.74298	1.75949	9.35852	-5.15981	9.45	-5.2	1.81545	2.72317	
9.52441	-5.09244	1.76951	1.79402	9.55586	-5.07162	9.55	-5.05	1.81542	2.72314	
9.62761	-4.99024	1.81028	1.79021	9.60543	-4.91132	9.65	-4.95	1.82145	1.82147	
9.73649	-4.87362	1.8328	1.83429	9.75218	-4.8384	9.75	-4.85	1.82146	1.82146	
9.84909	-4.77692	1.87024	1.81994	10.0131	-4.84834	9.85	-4.75	1.81961	1.8196	
9.95418	-4.6715	1.87589	1.83281	9.9571	-4.66087	9.95	-4.65	1.8196	1.8196	
10.0478	-4.57649	1.88357	1.83722	9.99978	-4.51909	10.05	-4.55	1.99827	1.99828	
10.1482	-4.4686	1.89894	1.87522	10.1558	-4.43582	10.15	-4.45	1.99826	1.99826	
10.2231	-4.34949	1.71315	1.9597	10.1567	-4.25503	10.25	-4.3	1.81693	2.72538	
10.3253	-4.21714	1.73333	2.01785	10.3312	-4.16698	10.35	-4.15	1.81692	2.72536	
10.4354	-4.10765	1.84737	1.98522	10.3715	-4.04505	10.45	-4.05	1.81951	1.8195	
10.5443	-3.97903	1.86495	2.0319	10.5551	-3.94162	10.55	-3.95	1.8195	1.81951	
10.6477	-3.86615	1.87003	2.03357	10.6459	-3.84961	10.65	-3.85	1.81817	1.81818	
10.7502	-3.75171	1.87001	2.03952	10.746	-3.7455	10.75	-3.75	1.81816	1.81817	
10.8478	-3.63593	1.80991	2.06285	10.9384	-3.6422	10.85	-3.6	1.81621	2.7243	
10.9515	-3.49848	1.82181	2.11919	10.9457	-3.45027	10.95	-3.45	1.8162	2.7243	
10.9929	-3.36269	1.39558	2.24618	11.1095	-3.32648	11	-3.3	0.908632	2.72588	
11.0692	-3.21397	1.39941	2.30489	11.0435	-3.16012	11.05	-3.15	0.908632	2.72588	
11.1114	-3.07319	1.19542	2.36982	10.9851	-2.95299	11.1	-3	0.909905	2.72971	
11.1773	-2.91504	1.20052	2.43543	11.1542	-2.85724	11.15	-2.85	0.909888	2.72968	
11.1612	-2.76205	0.682291	2.55527	11.0233	-2.67356	11.15	-2.7	0	2.72847	
11.1895	-2.60304	0.669435	2.59785	11.1324	-2.55807	11.15	-2.55	0	2.72844	
11.1901	-2.45118	0.408586	2.65453	11.2541	-2.42353	11.15	-2.4	0	2.72732	
11.2041	-2.29405	0.395792	2.67998	11.1569	-2.2658	11.15	-2.25	0	2.72732	
11.3081	-2.15237	0.969439	2.6018	11.2203	-2.08998	11.25	-2.1	1.81905	2.72856	
11.3615	-1.98771	0.972294	2.65307	11.3482	-1.94557	11.35	-1.95	1.81905	2.72856	
11.3032	-1.82865	0.195979	2.75823	11.3928	-1.80815	11.3	-1.8	-0.90916	2.72747	
11.3018	-1.66718	0.176463	2.78066	11.2389	-1.64141	11.25	-1.65	-0.909152	2.72745	
11.2997	-1.51316	0.0881054	2.78994	11.3341	-1.51762	11.25	-1.5	0	2.72321	
11.2974	-1.35686	0.0763805	2.79585	11.2625	-1.34833	11.25	-1.35	0	2.72321	
11.2365	-1.19923	-0.38224	2.83287	11.3121	-1.19064	11.2	-1.2	-0.909524	2.72856	
11.2046	-1.04909	-0.400752	2.81926	11.1556	-1.0549	11.15	-1.05	-0.909524	2.72856	
11.0809	-0.892892	-1.06624	2.85139	10.9982	-0.893223	11.05	-0.9	-1.81945	2.72916	
11.0088	-0.736795	-1.0889	2.84977	10.9445	-0.73319	10.95	-0.75	-1.81942	2.72913	
10.9424	-0.581286	-1.10568	2.84732	10.8362	-0.586	10.9	-0.599999	-0.909839	2.72952	
10.8739	-0.431244	-1.11877	2.83202	10.8388	-0.441032	10.85	-0.449999	-0.909822	2.72949	
10.6942	-0.298419	-1.93627	2.82183	10.6309	-0.359954	10.7	-0.349999	-2.99538	1.99692	
10.5887	-0.188388	-1.95076	2.74713	10.5529	-0.247121	10.55	-0.25	-2.99539	1.99691	
10.4954	-0.0515596	-1.83673	2.71177	10.4322	-0.19515	10.45	-0.2	-1.81715	0.908579	
10.3848	0.0141997	-1.8529	2.51195	10.3505	-0.143257	10.35	-0.15	-1.81716	0.908579	
10.2323	0.125994	-2.18968	2.4497	10.2068	-0.109014	10.2	-0.0999996	-2.73194	0.910655	
10.1005	0.154785	-2.20905	2.19632	10.0541	-0.0441275	10.05	-0.0499992	-2.73194	0.910655	
9.94853	0.247481	-2.39821	2.12711	9.89001	0.00816785	9.9	9.49949e-07	-2.72481	0.908268	
9.80567	0.257754	-2.41575	1.87062	9.75876	0.0560308	9.75	0.0500011	-2.72477	0.90826	
9.70216	0.332736	-2.19738	1.80496	9.63528	0.0929341	9.65	0.100001	-1.81759	0.908784	
9.57898	0.334732	-2.2001	1.57055	9.56967	0.149506	9.55	0.15	-1.81757	0.908775	
9.43346	0.390057	-2.3968	1.49198	9.56225	0.148577	9.4	0.15	-2.72659	0	
9.29353	0.361563	-2.4087	1.22524	9.25348	0.150166	9.25	0.15	-2.72658	0	
9.14203	0.402157	-2.523	1.15815	9.0821	0.207802	9.1	0.2	-2.72925	0.909752	
8.99219	0.390135	-2.54029	0.975318	8.93575	0.243169	8.95	0.25	-2.72926	0.909752	
8.83843	0.420743	-2.66293	0.915912	8.94634	0.26481	8.8	0.25	-2.72783	0	
8.68457	0.397924	-2.6736	0.738439	8.64483	0.254352	8.65	0.25	-2.7278	0	
8.52937	0.413724	-2.71332	0.676782	8.46866	0.251128	8.5	0.25	-2.72395	0	
8.37693	0.383898	-2.71675	0.513277	8.35775	0.250149	8.35	0.25	-2.72395	0	
8.22653	0.382106	-2.7403	0.438866	8.28111	0.196974	8.2	0.2	-2.73278	-0.910929	
8.0692	0.322924	-2.75019	0.235062	8.03004	0.154113	8.05	0.15	-2.73279	-0.910929	
7.84662	0.307773	-3.30121	0.162138	7.74678	0.154598	7.85	0.15	-3.9992	0	
7.6747	0.261565	-3.31142	0.0283869	7.63715	0.143302	7.65	0.15	-3.99916	0	
7.59208	0.248243	-2.75728	-0.00103699	7.61982	0.157052	7.55	0.15	-1.99868	0	
7.45197	0.221325	-2.76033	-0.0676496	7.43926	0.160393	7.45	0.15	-1.99866	0	
7.30019	0.199195	-2.77149	-0.113917	7.34481	0.102019	7.3	0.100001	-2.72622	-0.908734	
7.15146	0.147531	-2.76471	-0.227219	7.16771	0.0463372	7.15	0.0500011	-2.72623	-0.908734	
7.05118	0.101509	-2.41186	-0.314782	7.05721	-0.05037	7.05	-0.0499995	-1.81887	-1.81889	
6.92431	0.0134749	-2.40255	-0.492192	6.95035	-0.144849	6.95	-0.15	-1.81888	-1.81889	
6.83352	-0.0575547	-2.12848	-0.611152	6.87212	-0.243254	6.85	-0.25	-1.81792	-1.81792	
6.72424	-0.169998	-2.11762	-0.809656	6.76317	-0.34818	6.75	-0.35	-1.81792	-1.81792	
6.62997	-0.259612	-1.99413	-0.929748	6.75759	-0.453523	6.65	-0.45	-1.81881	-1.8188	
6.52696	-0.384751	-1.98727	-1.11662	6.56412	-0.553924	6.55	-0.549999	-1.81879	-1.81878	
6.45551	-0.510653	-1.7555	-1.2997	6.60438	-0.765755	6.45	-0.749999	-1.81971	-3.63941	
6.35708	-0.691076	-1.76982	-1.57602	6.36344	-0.942514	6.35	-0.949999	-1.81969	-3.63937	
6.38505	-0.862885	-0.952469	-1.91582	6.35624	-1.10001	6.35	-1.1	0	-2.99522	
6.3383	-1.04302	-0.963947	-2.12858	6.36321	-1.25111	6.35	-1.25	0	-2.99519	
6.33315	-1.22151	-0.610102	-2.34336	6.30992	-1.40686	6.35	-1.4	0	-2.72817	
6.3056	-1.40949	-0.611434	-2.49104	6.35537	-1.55723	6.35	-1.55	0	-2.72817	
6.31761	-1.58813	-0.330766	-2.64489	6.50996	-1.74616	6.35	-1.7	0	-2.72628	
6.30662	-1.76262	-0.324855	-2.71541	6.35448	-1.83673	6.35	-1.85	0	-2.72628	
6.29938	-1.93085	-0.263893	-2.77592	6.38849	-2.02257	6.35	-2	0	-2.73154	
6.29505	-2.09732	-0.249572	-2.80759	6.35078	-2.13767	6.35	-2.15	0	-2.73152	
6.2905	-2.24826	-0.189565	-2.84925	6.28921	-2.27735	6.35	-2.3	0	-2.99503	
6.28876	-2.40244	-0.179392	-2.87465	6.33355	-2.43768	6.35	-2.45	0	-2.99503	
6.33392	-2.58666	0.204548	-3.04536	6.30986	-2.56694	6.4	-2.6	0.909996	-2.73	
6.36536	-2.7496	0.242404	-3.02774	6.45623	-2.7536	6.45	-2.75	0.91	-2.73	
6.40781	-2.92217	0.435312	-3.09741	6.40481	-2.87127	6.5	-2.9	0.907593	-2.72277	
6.45641	-3.06675	0.489188	-3.02639	6.54629	-3.01951	6.55	-3.05	0.907584	-2.72274	
6.48192	-3.22947	0.420251	-2.98303	6.70928	-3.32749	6.55	-3.25	0	-3.63617	
6.51015	-3.40922	0.424464	-3.0179	6.54763	-3.45513	6.55	-3.45	0	-3.63613	
6.5527	-3.58557	0.563456	-3.09533	6.52015	-3.55608	6.6	-3.6	0.909673	-2.72901	
6.59697	-3.74686	0.59172	-3.06977	6.64571	-3.73674	6.65	-3.75	0.909661	-2.72898	
6.64687	-3.90802	0.674169	-3.07266	6.71319	-3.83967	6.75	-3.85	1.81795	-1.81795	
6.72627	-4.02677	0.772731	-2.94153	6.85201	-3.93663	6.85	-3.95	1.81793	-1.81793	
6.81373	-4.20114	0.983857	-3.0329	7.13409	-4.28567	6.9	-4.15	0.909979	-3.63994	
6.88835	-4.3509	1.02925	-2.98678	6.9548	-4.32855	6.95	-4.35	0.909975	-3.6399	
6.91807	-4.48136	0.804071	-2.79927	7.00947	-4.44692	7	-4.45	0.907889	-1.81577	
6.98784	-4.60493	0.864119	-2.7212	7.05586	-4.55105	7.05	-4.55	0.907881	-1.81576	
7.05735	-4.75929	0.97761	-2.7727	7.15974	-4.75194	7.1	-4.7	0.909789	-2.72935	
7.12167	-4.88594	1.0074	-2.71185	7.13261	-4.82718	7.15	-4.85	0.909777	-2.72933	
7.22384	-5.05894	1.30199	-2.89621	7.2829	-5.01975	7.25	-5	1.81861	-2.72792	
7.31115	-5.1942	1.34119	-2.83769	7.34301	-5.14642	7.35	-5.15	1.81859	-2.72789	
7.36381	-5.32044	1.24669	-2.75596	7.32687	-5.26205	7.4	-5.3	0.999994	-3	
7.43449	-5.45331	1.26464	-2.74193	7.46174	-5.44979	7.45	-5.45	0.999999	-3	
7.49692	-5.5878	1.21029	-2.67431	7.47116	-5.48352	7.55	-5.55	1.81749	-1.81749	
7.59107	-5.70536	1.2749	-2.5999	7.65989	-5.6552	7.65	-5.65	1.81747	-1.81747	
7.6547	-5.83446	1.18908	-2.51248	7.78563	-5.85993	7.7	-5.8	0.909598	-2.72881	
7.72865	-5.96594	1.20832	-2.49501	7.75276	-5.95823	7.75	-5.95	0.909594	-2.72878	
7.79782	-6.09545	1.21763	-2.47838	7.79663	-6.00945	7.85	-6.05	1.81964	-1.81964	
7.89082	-6.20312	1.27913	-2.4078	7.95034	-6.15505	7.95	-6.15	1.81962	-1.81962	
8.00642	-6.35721	1.61318	-2.65434	8.04642	-6.30578	8.05	-6.3	1.99731	-2.99599	
8.10474	-6.47318	1.65367	-2.61181	8.14855	-6.44643	8.15	-6.45	1.99732	-2.99598	
8.1547	-6.57619	1.33975	-2.33997	8.26534	-6.60186	8.2	-6.55	0.909111	-1.81822	
8.23872	-6.68761	1.36623	-2.29968	8.25279	-6.64996	8.25	-6.65	0.909111	-1.81822	
8.31164	-6.8125	1.37553	-2.30798	8.2109	-6.73286	8.3	-6.8	0.90845	-2.72534	
8.37886	-6.9445	1.35698	-2.3215	8.35448	-6.94719	8.35	-6.95	0.908442	-2.72531	
8.48972	-7.10541	1.5763	-2.5134	8.61718	-7.22425	8.45	-7.1	1.81925	-2.72886	
8.56878	-7.24744	1.55987	-2.52422	8.54666	-7.24803	8.55	-7.25	1.81924	-2.72886	
8.65012	-7.37838	1.51587	-2.47696	8.69659	-7.3744	8.65	-7.35	1.82079	-1.8208	
8.74402	-7.49051	1.54523	-2.42341	8.74711	-7.43338	8.75	-7.45	1.8208	-1.8208	
8.82325	-7.61386	1.5903	-2.4636	8.68846	-7.50096	8.8	-7.6	0.997629	-2.99288	
8.88874	-7.74638	1.55902	-2.48759	8.84984	-7.75349	8.85	-7.75	0.997629	-2.99288	
8.93846	-7.85646	1.35548	-2.31802	8.77486	-7.80083	8.9	-7.9	0.909127	-2.72742	
8.98865	-8.01386	1.29655	-2.38836	8.94604	-8.07116	8.95	-8.05	0.909127	-2.7274	
9.02789	-8.12131	1.10555	-2.22628	8.92041	-8.11276	9	-8.15	0.909524	-1.81903	
9.07199	-8.24775	1.07069	-2.24048	9.01893	-8.23506	9.05	-8.25	0.909516	-1.81902	
9.13293	-8.37847	1.10942	-2.29024	9.04724	-8.3711	9.1	-8.4	0.909922	-2.72975	
9.1833	-8.51511	1.08447	-2.316	9.1628	-8.53304	9.15	-8.55	0.909913	-2.72976	
9.26793	-8.67086	1.3003	-2.5321	9.09379	-8.55764	9.25	-8.7	1.8169	-2.72535	
9.33822	-8.82136	1.29399	-2.55518	9.3508	-8.85468	9.35	-8.85	1.81688	-2.72532	
9.40263	-8.95588	1.24787	-2.51224	9.40597	-8.96981	9.4	-9	0.910219	-2.73069	
9.46005	-9.11424	1.21861	-2.55739	9.45338	-9.162	9.45	-9.15	0.910228	-2.73069	
9.51938	-9.24847	1.21032	-2.56775	9.51544	-9.36256	9.5	-9.3	0.997908	-2.99371	
9.5705	-9.39782	1.18389	-2.61256	9.56994	-9.45148	9.55	-9.45	0.997908	-2.99372	
9.59964	-9.50751	0.931227	-2.36378	9.62711	-9.59131	9.6	-9.55	0.909971	-1.81993	
9.64651	-9.6464	0.919473	-2.38333	9.64603	-9.66938	9.65	-9.65	0.909954	-1.81992	
9.67993	-9.76387	0.813943	-2.28476	9.63311	-9.79216	9.65	-9.8	0	-2.73054	
9.69771	-9.91531	0.750638	-2.34586	9.64842	-9.95866	9.65	-9.95	0	-2.73053	
9.75384	-10.0577	0.912782	-2.52923	9.61381	-9.98703	9.7	-10.1	0.998187	-2.99456	
9.78098	-10.2055	0.867877	-2.57769	9.7516	-10.2483	9.75	-10.25	0.998187	-2.99455	
9.8296	-10.3522	0.889134	-2.61005	9.7698	-10.3568	9.8	-10.4	0.909806	-2.7294	
9.8703	-10.5083	0.868302	-2.63783	9.8633	-10.5382	9.85	-10.55	0.909797	-2.72938	
9.8924	-10.6293	0.697922	-2.46085	9.8617	-10.6917	9.85	-10.7	0	-2.72718	
9.8991	-10.7966	0.622597	-2.5345	9.84674	-10.8547	9.85	-10.85	0	-2.72715	
9.91173	-10.9182	0.509855	-2.42271	9.75887	-10.887	9.85	-11	0	-2.72395	
9.90978	-11.0835	0.437809	-2.49536	9.86442	-11.1448	9.85	-11.15	0	-2.72395	
9.92902	-11.2233	0.417837	-2.49198	9.87244	-11.316	9.85	-11.3	0	-2.73074	
9.91498	-11.3927	0.330968	-2.56784	9.85036	-11.4464	9.85	-11.45	0	-2.73075	
9.92909	-11.5364	0.301039	-2.54911	9.93142	-11.6783	9.85	-11.6	0	-2.72396	
9.90769	-11.7029	0.21398	-2.61224	9.83174	-11.7336	9.85	-11.75	0	-2.72396	
9.90128	-11.8195	0.116735	-2.50968	9.80843	-11.8702	9.8	-11.9	-1.0005	-3.00149	
9.85405	-11.9862	-0.00672525	-2.60693	9.75331	-12.0506	9.75	-12.05	-1.0005	-3.0015	
9.78428	-12.048	-0.463021	-2.03728	9.64519	-12.1714	9.65	-12.15	-1.81799	-1.81797	
9.69361	-12.1981	-0.611414	-2.13165	9.55524	-12.2329	9.55	-12.25	-1.81797	-1.81797	
9.65126	-12.3205	-0.632414	-2.14398	9.47014	-12.4324	9.45	-12.4	-1.82042	-2.73064	
9.52482	-12.495	-0.843155	-2.2815	9.34172	-12.5587	9.35	-12.55	-1.82041	-2.73063	
9.43857	-12.5616	-1.10493	-1.9475	9.21558	-12.6577	9.25	-12.65	-1.99893	-1.99891	
9.31176	-12.7015	-1.26949	-2.05089	9.16462	-12.7506	9.15	-12.75	-1.99891	-1.9989	
9.21946	-12.7909	-1.39884	-1.88607	9.08802	-12.8351	9.05	-12.85	-1.81839	-1.81839	
9.08393	-12.9235	-1.53241	-1.95885	8.95936	-12.9426	8.95	-12.95	-1.81838	-1.81838	
8.94145	-12.9501	-1.93042	-1.37171	8.8569	-13.1416	8.8	-13	-2.72942	-0.909806	
8.77897	-13.0471	-2.05783	-1.42946	8.65422	-13.0444	8.65	-13.05	-2.72941	-0.909806	
8.66307	-13.1092	-2.11117	-1.37168	8.49168	-13.0983	8.5	-13.15	-2.99987	-1.99991	
8.48834	-13.211	-2.26977	-1.45472	8.3436	-13.2381	8.35	-13.25	-2.99984	-1.9999	
8.31836	-13.1882	-2.63845	-0.844709	8.19421	-13.0768	8.25	-13.2	-1.99797	0.998985	
8.18478	-13.2149	-2.63718	-0.817011	8.15674	-13.1486	8.15	-13.15	-1.99797	0.998985	
8.03863	-13.2572	-2.637	-0.816319	7.9999	-13.1879	8	-13.2	-2.73	-0.910004	
7.8857	-13.2948	-2.65258	-0.805422	7.85314	-13.2533	7.85	-13.25	-2.73	-0.910004	
7.70029	-13.2665	-2.90638	-0.34811	7.57824	-13.1345	7.65	-13.25	-3.62957	0	
7.51708	-13.2838	-2.95655	-0.351262	7.45422	-13.2433	7.45	-13.25	-3.62953	0	
7.34816	-13.2904	-2.99921	-0.270722	7.33241	-13.2718	7.3	-13.25	-2.7301	0	
7.1729	-13.2948	-3.01975	-0.254349	7.13166	-13.2372	7.15	-13.25	-2.73007	0	
6.99779	-13.2851	-3.07876	-0.125947	6.97467	-13.1643	7	-13.25	-2.72703	0	
6.83931	-13.279	-3.05158	-0.0994403	6.84852	-13.2404	6.85	-13.25	-2.727	0	
6.65494	-13.242	-3.18343	0.188663	6.7113	-13.2598	6.7	-13.2	-2.72742	0.909144	
6.51084	-13.2094	-3.10932	0.236841	6.55626	-13.1584	6.55	-13.15	-2.72742	0.909144	
6.32415	-13.1472	-3.22255	0.511537	6.32545	-12.9303	6.4	-13.1	-2.72703	0.908994	
6.18692	-13.0953	-3.12775	0.564589	6.25112	-13.0473	6.25	-13.05	-2.727	0.908995	
6.01709	-13.0548	-3.13527	0.613672	6.09711	-13.0021	6.1	-13	-2.73	0.910004	
5.88602	-12.9998	-3.0382	0.662243	5.95513	-12.9613	5.95	-12.95	-2.72998	0.909996	
5.7362	-12.9607	-3.06015	0.740317	5.89343	-13.1185	5.8	-12.9	-2.99275	0.99759	
5.61559	-12.8994	-2.98098	0.790958	5.6635	-12.8347	5.65	-12.85	-2.99275	0.99758	
5.4506	-12.8299	-3.03434	0.971192	5.61778	-12.8527	5.55	-12.75	-1.81993	1.81994	
5.35064	-12.7328	-2.87433	1.06464	5.45219	-12.6228	5.45	-12.65	-1.81994	1.81994	
5.19197	-12.64	-2.91565	1.24094	5.30917	-12.4284	5.35	-12.55	-1.81722	1.81723	
5.11355	-12.5301	-2.7215	1.33424	5.25069	-12.4448	5.25	-12.45	-1.81721	1.81721	
4.96245	-12.4246	-2.78231	1.55228	5.13338	-12.4375	5.1	-12.35	-2.72881	1.8192	
4.86117	-12.316	-2.66045	1.60547	4.9499	-12.2734	4.95	-12.25	-2.72881	1.81921	
4.73573	-12.2433	-2.57459	1.47829	4.92993	-12.1787	4.9	-12.15	-0.908467	1.81693	
4.68556	-12.1196	-2.35807	1.57435	4.84027	-12.0359	4.85	-12.05	-0.908462	1.81692	
4.54955	-11.971	-2.47852	1.98782	4.79909	-11.9738	4.75	-11.9	-1.81788	2.72684	
4.49604	-11.8256	-2.28284	2.07055	4.63814	-11.758	4.65	-11.75	-1.81788	2.72683	
4.39635	-11.7348	-2.15169	1.83616	4.50688	-11.4491	4.6	-11.65	-0.909963	1.81994	
4.37233	-11.5981	-1.92974	1.92117	4.5399	-11.541	4.55	-11.55	-0.909959	1.81992	
4.25792	-11.4175	-2.06108	2.38189	4.46798	-11.2692	4.5	-11.35	-0.909227	3.63689	
4.25742	-11.2402	-1.79411	2.48998	4.45518	-11.1556	4.45	-11.15	-0.909218	3.63686	
4.20279	-11.1629	-1.58804	2.09478	4.47788	-11.2387	4.4	-11.05	-0.909227	1.81845	
4.20596	-11.0126	-1.37414	2.17835	4.36691	-10.9529	4.35	-10.95	-0.909222	1.81844	
4.16153	-10.9082	-1.24322	2.00385	4.34978	-10.6819	4.4	-10.8	0.9094	2.72823	
4.2129	-10.7487	-0.959395	2.12037	4.42489	-10.6572	4.45	-10.65	0.909396	2.72819	
4.17606	-10.6074	-0.984983	2.32687	4.45256	-10.5332	4.45	-10.5	0	3.00113	
4.23869	-10.4439	-0.719233	2.43908	4.44692	-10.3512	4.45	-10.35	0	3.00113	
4.23029	-10.3171	-0.619246	2.37553	4.41237	-9.99477	4.5	-10.2	0.999524	2.99855	
4.3205	-10.1468	-0.33112	2.49966	4.5556	-10.0446	4.55	-10.05	0.999524	2.99856	
4.33139	-10.0173	-0.246016	2.47042	4.57379	-9.85032	4.6	-9.9	0.998267	2.9948	
4.4323	-9.84515	0.0230685	2.58889	4.65841	-9.75093	4.65	-9.75	0.998262	2.99479	
4.48519	-9.75183	0.300171	2.16416	4.60255	-9.4741	4.7	-9.65	0.910924	1.82187	
4.58324	-9.59874	0.49356	2.24974	4.74425	-9.53907	4.75	-9.55	0.910928	1.82186	
4.62258	-9.45815	0.50474	2.32522	4.78405	-9.35872	4.8	-9.4	0.908038	2.72411	
4.72574	-9.29958	0.682663	2.40331	4.87523	-9.25457	4.85	-9.25	0.908033	2.7241	
4.78701	-9.16735	0.770473	2.34948	4.92663	-9.02336	4.95	-9.1	1.81851	2.72776	
4.90201	-9.00757	0.941624	2.42827	5.04624	-8.96378	5.05	-8.95	1.81852	2.72777	
4.97637	-8.87069	1.02241	2.39278	5.1055	-8.72095	5.15	-8.8	1.8165	2.72476	
5.11044	-8.70227	1.20605	2.48626	5.26299	-8.64398	5.25	-8.65	1.8165	2.72475	
5.2242	-8.60706	1.45918	2.17182	5.34134	-8.5519	5.35	-8.55	1.82159	1.8216	
5.34683	-8.46774	1.55902	2.22386	5.43218	-8.43885	5.45	-8.45	1.82157	1.82157	
5.43528	-8.33943	1.54744	2.26449	5.5122	-8.36624	5.5	-8.35	0.908054	1.81609	
5.52517	-8.21762	1.55653	2.26047	5.54143	-8.23537	5.55	-8.25	0.908054	1.8161	
5.66248	-8.15465	1.87273	1.84531	5.72065	-8.20245	5.7	-8.15	2.72851	1.81902	
5.79278	-8.04153	1.93571	1.87721	5.85207	-8.0316	5.85	-8.05	2.72849	1.81899	
5.87727	-7.90426	1.7561	2.12233	5.99121	-7.96746	5.95	-7.9	1.81851	2.72777	
5.9988	-7.77319	1.81448	2.15918	6.04955	-7.75139	6.05	-7.75	1.81852	2.72777	
6.11755	-7.6705	1.90951	2.06039	6.20599	-7.74241	6.15	-7.65	1.81739	1.81739	
6.22916	-7.55654	1.92346	2.06387	6.2473	-7.56333	6.25	-7.55	1.81739	1.81739	
6.34259	-7.44836	1.95736	2.03279	6.39144	-7.48582	6.35	-7.45	1.8164	1.81641	
6.44676	-7.343	1.94735	2.01832	6.44526	-7.36223	6.45	-7.35	1.81638	1.81638	
6.58507	-7.25796	2.12659	1.84521	6.66209	-7.31025	6.6	-7.25	2.72856	1.81904	
6.71603	-7.14905	2.15829	1.86543	6.74856	-7.14204	6.75	-7.15	2.72856	1.81904	
6.82762	-7.04092	2.1118	1.90884	6.83447	-7.05268	6.85	-7.05	1.82066	1.82066	
6.95049	-6.9395	2.12435	1.90424	6.97717	-6.96144	6.95	-6.95	1.82065	1.82065	
7.08921	-6.86779	2.32007	1.73822	7.13677	-6.88363	7.1	-6.85	2.99976	1.99984	
7.22093	-6.76824	2.35639	1.77019	7.2552	-6.74652	7.25	-6.75	2.99976	1.99984	
7.28769	-6.64029	2.03634	2.0386	7.234	-6.59525	7.3	-6.65	0.999384	1.99876	
7.37596	-6.54306	2.00779	2.02351	7.33491	-6.53948	7.35	-6.55	0.999369	1.99874	
7.57612	-6.50937	2.58843	1.52663	7.67988	-6.69347	7.5	-6.55	2.72747	0	
7.68879	-6.46568	2.51455	1.43078	7.64389	-6.55777	7.65	-6.55	2.72745	0	
7.79446	-6.37336	2.26923	1.59767	7.94309	-6.60222	7.75	-6.45	1.81623	1.81624	
7.89649	-6.30629	2.21671	1.54522	7.84566	-6.34021	7.85	-6.35	1.81623	1.81624	
8.04645	-6.2503	2.44567	1.35096	7.9171	-6.24084	8	-6.3	2.72648	0.908821	
8.16774	-6.19391	2.41346	1.30787	8.14601	-6.23101	8.15	-6.25	2.72645	0.908817	
8.23778	-6.08251	1.96596	1.61562	8.37368	-6.18614	8.25	-6.1	1.81898	2.72847	
8.35113	-5.98302	1.97982	1.64054	8.35502	-5.95811	8.35	-5.95	1.81897	2.72844	
8.52117	-5.92933	2.40422	1.36519	8.43843	-5.87193	8.5	-5.9	2.72647	0.90883	
8.64977	-5.85844	2.39581	1.35479	8.64201	-5.86567	8.65	-5.85	2.72645	0.908817	
8.74814	-5.76314	2.16836	1.49865	8.76652	-5.75601	8.75	-5.75	1.81789	1.81788	
8.8663	-5.67351	2.16872	1.51421	8.85198	-5.65134	8.85	-5.65	1.81789	1.81788	
9.00669	-5.59562	2.32863	1.43715	8.91028	-5.47662	9	-5.55	2.73109	1.82073	
9.13931	-5.49997	2.3429	1.47579	9.13482	-5.45989	9.15	-5.45	2.73106	1.82072	
9.24482	-5.40209	2.16266	1.58556	9.32693	-5.39468	9.25	-5.35	1.81796	1.81795	
9.36075	-5.30118	2.1615	1.61542	9.33045	-5.26019	9.35	-5.25	1.81794	1.81793	
9.49806	-5.21518	2.29197	1.56376	9.4498	-5.12838	9.5	-5.15	2.72905	1.81937	
9.63378	-5.10198	2.31803	1.6279	9.63754	-5.04328	9.65	-5.05	2.72903	1.81935	
9.68641	-4.98831	1.85693	1.85685	9.83281	-5.00671	9.7	-4.95	0.998666	1.99733	
9.77648	-4.88323	1.85563	1.88344	9.74856	-4.84745	9.75	-4.85	0.998656	1.99731	
9.88339	-4.78093	1.8681	1.87963	9.96003	-4.81123	9.85	-4.75	1.8172	1.81719	
9.97628	-4.67729	1.85056	1.87761	9.93394	-4.66432	9.95	-4.65	1.81717	1.81717	
10.0818	-4.57449	1.86241	1.87563	10.1357	-4.58625	10.05	-4.55	1.82042	1.82043	
10.178	-4.46521	1.85325	1.88851	10.1444	-4.44253	10.15	-4.45	1.82041	1.82042	
10.3274	-4.37626	2.17232	1.769	10.3185	-4.35401	10.3	-4.35	2.72672	1.81782	
10.4496	-4.26893	2.17961	1.79262	10.4496	-4.24828	10.45	-4.25	2.7267	1.8178	
10.476	-4.13564	1.52412	2.03692	10.5826	-4.11494	10.5	-4.1	0.908764	2.72628	
10.5636	-4.00054	1.53602	2.09092	10.5542	-3.95161	10.55	-3.95	0.908764	2.72628	
10.6489	-3.87918	1.53508	2.10759	10.6618	-3.80699	10.65	-3.8	1.8194	2.72911	
10.7456	-3.72566	1.5647	2.19738	10.7602	-3.65417	10.75	-3.65	1.81939	2.72908	
10.8573	-3.60815	1.73439	2.15543	10.8593	-3.57039	10.85	-3.55	1.81839	1.81838	
10.9511	-3.48329	1.73283	2.16989	10.9375	-3.46792	10.95	-3.45	1.81838	1.81838	
10.9886	-3.34597	1.33542	2.28676	11.0183	-3.30073	11	-3.3	0.908549	2.72563	
11.0672	-3.19486	1.34908	2.34667	11.0672	-3.14607	11.05	-3.15	0.908549	2.72564	
11.1133	-3.05653	1.16055	2.40007	11.1054	-3.01303	11.1	-3	0.90888	2.72663	
11.1747	-2.90029	1.16053	2.45655	11.1428	-2.8481	11.15	-2.85	0.908863	2.72661	
11.2197	-2.75801	1.04352	2.49054	11.1758	-2.69942	11.2	-2.7	0.909988	2.72995	
11.2758	-2.59496	1.04552	2.55213	11.2495	-2.5409	11.25	-2.55	0.909988	2.72995	
11.2241	-2.4363	0.251976	2.70249	11.4549	-2.46508	11.2	-2.4	-0.907692	2.72306	
11.2277	-2.27421	0.236357	2.73266	11.1705	-2.24061	11.15	-2.25	-0.907683	2.72304	
11.3419	-2.1334	0.946888	2.63071	11.2202	-2.08177	11.25	-2.1	1.8219	2.73284	
11.3872	-1.98436	0.936367	2.64117	11.3536	-1.97104	11.35	-1.95	1.82188	2.73281	
11.3725	-1.82992	0.525702	2.6988	11.224	-1.77367	11.35	-1.8	0	2.71996	
11.3964	-1.66931	0.518431	2.72643	11.3661	-1.64386	11.35	-1.65	0	2.71993	
11.3882	-1.51563	0.300648	2.75185	11.2691	-1.47976	11.35	-1.5	0	2.73448	
11.3936	-1.35982	0.282565	2.76291	11.3391	-1.34511	11.35	-1.35	0	2.73446	
11.276	-1.21477	-0.597354	2.83166	11.2507	-1.19626	11.25	-1.2	-1.99969	2.99952	
11.231	-1.06529	-0.621536	2.84992	11.1532	-1.04324	11.15	-1.05	-1.99967	2.99949	
11.1602	-0.921025	-0.843231	2.8628	10.9697	-0.89157	11.1	-0.9	-1.00006	3.00024	
11.1099	-0.767156	-0.855664	2.88831	11.0654	-0.742685	11.05	-0.75	-1.00006	3.00021	
11.0011	-0.612805	-1.24967	2.88917	10.8913	-0.655608	10.95	-0.649999	-1.81771	1.81773	
10.9155	-0.488014	-1.27894	2.80755	10.8418	-0.549005	10.85	-0.549999	-1.81772	1.81773	
10.8193	-0.343352	-1.45597	2.78756	10.827	-0.442912	10.75	-0.45	-1.81842	1.8184	
10.7243	-0.2477	-1.48214	2.64987	10.6642	-0.353413	10.65	-0.35	-1.8184	1.81839	
10.544	-0.129383	-2.20225	2.62215	10.5503	-0.248633	10.5	-0.25	-3.00035	2.00024	
10.4182	-0.0577647	-2.22875	2.48002	10.3487	-0.171899	10.35	-0.15	-3.00032	2.00022	
10.3112	0.049503	-2.18261	2.43959	10.2559	-0.115293	10.25	-0.0999996	-2.00053	1.00027	
10.1901	0.0987966	-2.20231	2.26556	10.137	-0.0462889	10.15	-0.0499992	-2.00053	1.00027	
10.089	0.193968	-2.13498	2.22216	10.0717	0.0165033	10.05	9.49949e-07	-2.00009	1.00004	
9.97266	0.22316	-2.15014	2.02554	9.92833	0.0556031	9.95	0.0500011	-2.00006	1.00003	
9.81709	0.294862	-2.48338	1.95232	9.8478	0.0279858	9.8	0.0500011	-3.00025	0	
9.68546	0.277215	-2.49472	1.67493	9.65029	0.0372757	9.65	0.0500011	-3.00024	0	
9.52976	0.333641	-2.70872	1.60622	9.54682	0.0997641	9.5	0.100001	-2.99825	0.999409	
9.38474	0.325481	-2.7234	1.39285	9.33515	0.138463	9.35	0.15	-2.99825	0.999409	
9.2907	0.37443	-2.37925	1.32895	9.46113	0.134275	9.25	0.15	-1.81915	0	
9.15657	0.353388	-2.38373	1.10145	9.13787	0.161547	9.15	0.15	-1.81913	0	
8.99585	0.38283	-2.67488	1.0339	9.02723	0.196492	9	0.2	-2.99927	0.99976	
8.85583	0.375383	-2.68427	0.890586	8.82128	0.250523	8.85	0.25	-2.99927	0.99976	
8.69828	0.398482	-2.83766	0.834894	8.67607	0.247512	8.7	0.25	-2.99873	0	
8.55573	0.379229	-2.83725	0.686336	8.54916	0.247046	8.55	0.25	-2.99871	0	
8.41397	0.396529	-2.74709	0.637793	8.44086	0.253341	8.4	0.25	-2.72872	0	
8.25822	0.37615	-2.7538	0.502431	8.2302	0.258614	8.25	0.25	-2.72871	0	
8.106	0.374514	-2.85395	0.434774	8.1066	0.204722	8.1	0.2	-2.99909	-0.9997	
7.96175	0.312449	-2.8546	0.228937	7.94777	0.127954	7.95	0.15	-2.9991	-0.9997	
7.80724	0.299308	-2.93954	0.167008	7.82213	0.149733	7.8	0.15	-3.00101	0	
7.65659	0.260027	-2.94488	0.0494833	7.63383	0.15164	7.65	0.15	-3.00099	0	
7.51647	0.238269	-2.79172	-0.0104283	7.49691	0.101076	7.5	0.100001	-2.72698	-0.908982	
7.36139	0.184445	-2.79376	-0.142628	7.35046	0.0656199	7.35	0.0500011	-2.72695	-0.908974	
7.26245	0.147032	-2.48594	-0.21959	7.13188	-0.00451978	7.25	9.49949e-07	-2.00032	-1.00016	
7.14041	0.0785415	-2.48223	-0.363339	7.14965	-0.0559868	7.15	-0.0499992	-2.0003	-1.00015	
6.97042	0.0236315	-2.66203	-0.448422	6.77233	-0.150907	7	-0.15	-2.72534	-1.8169	
6.82974	-0.0691686	-2.65339	-0.619834	6.85872	-0.227918	6.85	-0.25	-2.72532	-1.81688	
6.79513	-0.153652	-1.96199	-0.783714	6.70421	-0.347264	6.8	-0.349999	-1.00053	-2.00107	
6.70475	-0.264925	-1.95252	-0.966032	6.74687	-0.441006	6.75	-0.449999	-1.00054	-2.00107	
6.61181	-0.353651	-1.94054	-1.06946	6.72084	-0.550555	6.65	-0.549999	-2.00016	-2.00017	
6.51921	-0.469086	-1.93782	-1.22658	6.54837	-0.624094	6.55	-0.65	-2.00016	-2.00017	
6.48613	-0.589156	-1.47151	-1.41939	6.40088	-0.78131	6.5	-0.799999	-0.999884	-2.99963	
6.41601	-0.743992	-1.47497	-1.63227	6.44859	-0.960126	6.45	-0.949999	-0.999884	-2.99963	
6.38535	-0.882617	-1.16159	-1.81769	6.37766	-1.0844	6.4	-1.1	-0.999984	-2.99995	
6.32872	-1.04799	-1.17044	-2.00655	6.35596	-1.24356	6.35	-1.25	-0.999969	-2.99992	
6.34768	-1.21248	-0.667024	-2.24538	6.5527	-1.43518	6.35	-1.4	0	-3.00132	
6.31716	-1.3869	-0.674277	-2.40169	6.35503	-1.55184	6.35	-1.55	0	-3.00129	
6.30272	-1.54755	-0.51193	-2.50396	6.33086	-1.6454	6.35	-1.65	0	-1.81769	
6.28471	-1.70164	-0.497602	-2.54235	6.34356	-1.7483	6.35	-1.75	0	-1.81769	
6.31527	-1.87001	-0.109088	-2.7289	6.34522	-1.96081	6.35	-1.95	0	-3.99976	
6.31197	-2.03797	-0.113481	-2.80634	6.34095	-2.12276	6.35	-2.15	0	-3.99972	
6.29844	-2.18487	-0.161552	-2.81294	6.3068	-2.23646	6.35	-2.25	0	-2	
6.29927	-2.3312	-0.147466	-2.82397	6.34785	-2.35274	6.35	-2.35	0	-1.99998	
6.30121	-2.47826	-0.073145	-2.85984	6.26272	-2.46894	6.35	-2.5	0	-3	
6.30791	-2.62516	-0.0558811	-2.8657	6.36265	-2.64414	6.35	-2.65	0	-3	
6.35908	-2.79219	0.30836	-3.0288	6.38105	-2.77438	6.4	-2.8	1.00003	-3.00012	
6.38926	-2.9421	0.335572	-3.01972	6.461	-2.95066	6.45	-2.95	1.00003	-3.00009	
6.45677	-3.1253	0.678554	-3.20986	6.50958	-3.15806	6.5	-3.15	0.999284	-3.99712	
6.49847	-3.30347	0.686669	-3.2483	6.55345	-3.36165	6.55	-3.35	0.999284	-3.99712	
6.51891	-3.46114	0.525999	-3.13236	6.64067	-3.46888	6.6	-3.45	0.909922	-1.81983	
6.56816	-3.607	0.573572	-3.06354	6.63536	-3.55462	6.65	-3.55	0.909917	-1.81984	
6.63025	-3.76334	0.76875	-3.1334	6.70376	-3.69784	6.7	-3.7	0.999335	-2.99802	
6.68835	-3.89539	0.814697	-3.06893	6.75151	-3.84595	6.75	-3.85	0.99934	-2.99802	
6.72689	-4.04568	0.772312	-3.00607	6.65288	-3.91672	6.8	-4	0.908549	-2.72564	
6.79009	-4.19021	0.819546	-2.95061	6.85764	-4.15466	6.85	-4.15	0.908537	-2.72561	
6.81293	-4.32053	0.615357	-2.77671	6.9447	-4.2991	6.9	-4.25	0.90988	-1.81977	
6.8759	-4.42975	0.687222	-2.66794	6.94846	-4.34203	6.95	-4.35	0.909876	-1.81975	
6.94309	-4.56941	0.85762	-2.74095	7.09552	-4.55441	7	-4.5	1.00008	-3.00024	
6.99993	-4.68665	0.891744	-2.69141	7.03506	-4.6461	7.05	-4.65	1.00008	-3.00024	
7.10168	-4.85448	1.23906	-2.91534	7.25009	-4.88515	7.15	-4.8	1.99984	-2.99976	
7.18852	-4.97504	1.29631	-2.8499	7.26242	-4.9318	7.25	-4.95	1.99984	-2.99976	
7.22429	-5.0858	1.06008	-2.6552	7.33292	-5.08676	7.3	-5.05	1.00028	-2.00057	
7.29713	-5.19639	1.10661	-2.59903	7.3521	-5.15533	7.35	-5.15	1.00028	-2.00056	
7.35747	-5.32173	1.12139	-2.58935	7.40318	-5.28627	7.4	-5.3	1.00003	-3.00012	
7.41981	-5.44716	1.13502	-2.57811	7.44098	-5.44336	7.45	-5.45	1.00004	-3.00012	
7.49044	-5.58038	1.22892	-2.63352	7.46878	-5.50726	7.55	-5.55	1.99961	-1.99961	
7.58057	-5.68661	1.2941	-2.56749	7.66561	-5.647	7.65	-5.65	1.9996	-1.9996	
7.6418	-5.80779	1.25	-2.52257	7.70927	-5.8194	7.7	-5.8	1.00027	-3.00084	
7.71348	-5.93716	1.26675	-2.52597	7.75724	-5.96146	7.75	-5.95	1.00028	-3.00084	
7.78604	-6.06398	1.34041	-2.56717	7.71187	-5.94164	7.85	-6.05	1.9998	-1.99981	
7.87745	-6.17284	1.39529	-2.51626	7.95005	-6.14609	7.95	-6.15	1.9998	-1.9998	
7.92607	-6.27401	1.21652	-2.35554	8.03808	-6.28852	8	-6.25	1.00004	-2.00008	
8.00185	-6.37844	1.25072	-2.32157	8.04346	-6.35767	8.05	-6.35	1.00004	-2.00008	
8.10651	-6.52613	1.53801	-2.54798	8.1071	-6.48544	8.15	-6.5	1.99951	-2.99928	
8.19916	-6.64937	1.57047	-2.5332	8.25742	-6.66007	8.25	-6.65	1.9995	-2.99925	
8.24557	-6.74869	1.25451	-2.25716	8.38768	-6.7963	8.3	-6.75	0.90921	-1.81841	
8.3187	-6.8706	1.26351	-2.25102	8.33159	-6.8699	8.35	-6.85	0.90921	-1.81841	
8.40624	-7.00454	1.39074	-2.36019	8.58336	-7.15056	8.4	-7	1.0001	-3.00036	
8.4691	-7.13211	1.37416	-2.38265	8.45779	-7.15285	8.45	-7.15	1.00011	-3.00036	
8.54218	-7.25431	1.44065	-2.43809	8.37938	-7.10665	8.55	-7.25	1.99907	-1.99908	
8.62435	-7.3654	1.46453	-2.41177	8.647	-7.3454	8.65	-7.35	1.99908	-1.99908	
8.7066	-7.49657	1.51626	-2.46349	8.76035	-7.57239	8.7	-7.5	1.00058	-3.00174	
8.77402	-7.6321	1.4953	-2.49226	8.76121	-7.66039	8.75	-7.65	1.00057	-3.00171	
8.8149	-7.72776	1.26391	-2.28932	8.81118	-7.75569	8.8	-7.75	0.999844	-1.99968	
8.87061	-7.84366	1.24853	-2.29499	8.84363	-7.83628	8.85	-7.85	0.999844	-1.99968	
8.98496	-8.00802	1.58645	-2.60613	9.07758	-8.1058	8.95	-8	2.00017	-3.00024	
9.05975	-8.14454	1.57525	-2.62054	9.05238	-8.15838	9.05	-8.15	2.00014	-3.00021	
9.10128	-8.24205	1.32884	-2.39594	9.05557	-8.22632	9.1	-8.25	0.998905	-1.99781	
9.16569	-8.36037	1.3252	-2.39342	9.15492	-8.35136	9.15	-8.35	0.998886	-1.99779	
9.23327	-8.48827	1.2724	-2.34713	9.30408	-8.57245	9.2	-8.5	0.908863	-2.72657	
9.2888	-8.62907	1.23934	-2.376	9.2543	-8.64461	9.25	-8.65	0.908855	-2.72655	
9.34308	-8.75234	1.18995	-2.34299	9.15971	-8.67034	9.3	-8.8	0.909475	-2.72841	
9.38763	-8.9053	1.13981	-2.39937	9.35164	-8.95148	9.35	-8.95	0.909466	-2.72839	
9.46684	-9.05554	1.2925	-2.56915	9.47941	-9.179	9.4	-9.1	0.999765	-2.99935	
9.50404	-9.20717	1.22925	-2.62556	9.44272	-9.24111	9.45	-9.25	0.999774	-2.99934	
9.53426	-9.31756	0.974616	-2.37986	9.53008	-9.38561	9.5	-9.35	0.908962	-1.81792	
9.58568	-9.44669	0.970734	-2.37701	9.5752	-9.43724	9.55	-9.45	0.908954	-1.8179	
9.63791	-9.58021	0.972984	-2.38894	9.60163	-9.60777	9.6	-9.6	0.909988	-2.72996	
9.6708	-9.72925	0.925309	-2.43164	9.62903	-9.75552	9.65	-9.75	0.909971	-2.72993	
9.73034	-9.87629	0.994619	-2.51335	9.69155	-9.89958	9.7	-9.9	0.907972	-2.7239	
9.77133	-10.027	0.962526	-2.54264	9.74482	-10.046	9.75	-10.05	0.907972	-2.72391	
9.79561	-10.1412	0.792189	-2.37399	9.69256	-10.1336	9.75	-10.2	0	-2.73106	
9.80823	-10.3007	0.719633	-2.44237	9.75264	-10.3488	9.75	-10.35	0	-2.73105	
9.87176	-10.4594	0.920117	-2.67555	9.8242	-10.5024	9.8	-10.5	1	-2.99999	
9.88954	-10.6164	0.85481	-2.7312	9.83234	-10.6514	9.85	-10.65	0.999994	-2.99996	
9.91788	-10.7423	0.77782	-2.65846	9.82501	-10.7525	9.85	-10.8	0	-3.00047	
9.92071	-10.9068	0.693534	-2.73298	9.85033	-10.9603	9.85	-10.95	0	-3.00048	
9.91246	-10.9991	0.392881	-2.40016	9.91881	-11.1448	9.85	-11.05	0	-1.9956	
9.9104	-11.1337	0.343495	-2.4359	9.86057	-11.1502	9.85	-11.15	0	-1.99559	
9.92254	-11.2651	0.316053	-2.41686	9.83851	-11.2795	9.85	-11.3	0	-2.73184	
9.90745	-11.4203	0.241734	-2.47173	9.83839	-11.4483	9.85	-11.45	0	-2.73182	
9.9093	-11.5405	0.195478	-2.43685	9.79654	-11.5922	9.8	-11.6	-0.998566	-2.9957	
9.86678	-11.6992	0.0752008	-2.52571	9.75592	-11.7487	9.75	-11.75	-0.998566	-2.99569	
9.87132	-11.8482	0.0989858	-2.57826	9.77699	-11.9246	9.75	-11.9	0	-2.73084	
9.83809	-12.016	0.0100242	-2.64151	9.75861	-12.0491	9.75	-12.05	0	-2.73085	
9.79576	-12.1159	-0.256369	-2.3217	9.63743	-12.1863	9.65	-12.2	-1.81598	-2.72396	
9.70995	-12.29	-0.421248	-2.43362	9.56514	-12.3446	9.55	-12.35	-1.81597	-2.72396	
9.62894	-12.3564	-0.793771	-1.95801	9.47157	-12.4849	9.45	-12.45	-1.82132	-1.82133	
9.50857	-12.5062	-0.968945	-2.06292	9.34752	-12.5408	9.35	-12.55	-1.82131	-1.82131	
9.44229	-12.6142	-1.03309	-2.0031	9.32154	-12.7193	9.3	-12.65	-0.908038	-1.81606	
9.34114	-12.7426	-1.13259	-2.0512	9.24151	-12.7411	9.25	-12.75	-0.908029	-1.81605	
9.21327	-12.7665	-1.55203	-1.46134	9.04013	-12.7738	9.05	-12.85	-3.64007	-1.82004	
9.0322	-12.8979	-1.77138	-1.58724	8.83995	-12.9425	8.85	-12.95	-3.64007	-1.82003	
8.91105	-12.9402	-1.96085	-1.32646	8.73518	-13.0163	8.75	-13	-1.9959	-0.997948	
8.75892	-13.0291	-2.08284	-1.38537	8.6395	-13.0341	8.65	-13.05	-1.9959	-0.997948	
8.61333	-13.0611	-2.27365	-1.09769	8.48414	-13.0416	8.5	-13.1	-2.73149	-0.910502	
8.44211	-13.1404	-2.37904	-1.14718	8.34268	-13.1451	8.35	-13.15	-2.73146	-0.910485	
8.29541	-13.1845	-2.46775	-1.01705	8.19497	-13.1991	8.2	-13.2	-2.72385	-0.907955	
8.12949	-13.2486	-2.5352	-1.04091	8.06107	-13.2364	8.05	-13.25	-2.72383	-0.907947	
7.95933	-13.2513	-2.73623	-0.692983	7.88931	-13.1791	7.9	-13.25	-2.72673	0	
7.79649	-13.2835	-2.76161	-0.685722	7.75593	-13.2425	7.75	-13.25	-2.72673	0	
7.61934	-13.2733	-2.91953	-0.39816	7.52542	-13.1457	7.6	-13.25	-2.72991	0	
7.46161	-13.2819	-2.91027	-0.373254	7.44992	-13.2329	7.45	-13.25	-2.72991	0	
7.25752	-13.214	-3.20861	0.198392	7.19347	-13.1392	7.25	-13.2	-3.63887	0.909723	
7.07639	-13.1959	-3.21734	0.210095	7.05468	-13.1604	7.05	-13.15	-3.63887	0.909723	
6.91099	-13.2069	-3.13231	0.0454181	6.90569	-13.1515	6.9	-13.15	-2.72312	0	
6.74233	-13.19	-3.12023	0.0724593	6.73255	-13.1364	6.75	-13.15	-2.72312	0	
6.59137	-13.1956	-3.11041	0.0544279	6.69425	-13.3705	6.6	-13.15	-3.00475	0	
6.43733	-13.1832	-3.10521	0.0717867	6.42749	-13.1436	6.45	-13.15	-3.00472	0	
6.28	-13.1607	-3.15348	0.208933	6.4246	-13.2048	6.35	-13.1	-1.9976	0.998786	
6.16981	-13.1208	-3.04002	0.273696	6.2503	-13.0552	6.25	-13.05	-1.99758	0.998786	
6.00044	-13.0843	-3.09628	0.436702	6.162	-13.1569	6.1	-13	-2.72732	0.909111	
5.87868	-13.0261	-2.97977	0.509922	5.95166	-12.9396	5.95	-12.95	-2.72732	0.909111	
5.71118	-12.9729	-3.0273	0.657889	5.78183	-12.8825	5.8	-12.9	-2.72895	0.909657	
5.58581	-12.9094	-2.9291	0.716632	5.64785	-12.8416	5.65	-12.85	-2.72896	0.909648	
5.41601	-12.8265	-3.02638	1.00042	5.54035	-12.7925	5.55	-12.75	-1.81808	1.81809	
5.32084	-12.7337	-2.85753	1.08455	5.43842	-12.6552	5.45	-12.65	-1.81809	1.81809	
5.15967	-12.6344	-2.93346	1.33904	5.33087	-12.5965	5.3	-12.55	-2.7236	1.81575	
5.04691	-12.5299	-2.81668	1.4052	5.12059	-12.4527	5.15	-12.45	-2.72358	1.81572	
4.90508	-12.4567	-2.79067	1.40821	5.13793	-12.5907	5.05	-12.35	-1.81967	1.81966	
4.82997	-12.3345	-2.60408	1.50548	4.95241	-12.2277	4.95	-12.25	-1.81967	1.81967	
4.68019	-12.2017	-2.69418	1.81461	4.81467	-12.1072	4.85	-12.1	-1.81844	2.72766	
4.61605	-12.0576	-2.49424	1.9119	4.75144	-11.9561	4.75	-11.95	-1.81844	2.72767	
4.50526	-11.9695	-2.37652	1.73224	4.6829	-11.7433	4.7	-11.85	-0.909557	1.8191	
4.48459	-11.8292	-2.11713	1.83722	4.67603	-11.7496	4.65	-11.75	-0.909553	1.81911	
4.37974	-11.7081	-2.11457	1.94942	4.61619	-11.6508	4.6	-11.6	-0.907782	2.72335	
4.36809	-11.5508	-1.86547	2.0618	4.5432	-11.4431	4.55	-11.45	-0.907778	2.72334	
4.2582	-11.3596	-1.99645	2.52954	4.48104	-11.1618	4.5	-11.25	-0.910253	3.64099	
4.25751	-11.1713	-1.73771	2.64249	4.44374	-11.0696	4.45	-11.05	-0.910253	3.64099	
4.21755	-11.1004	-1.45428	2.0952	4.46178	-10.9843	4.45	-10.95	0	1.81804	
4.2486	-10.9415	-1.19183	2.1995	4.4464	-10.8663	4.45	-10.85	0	1.81805	
4.22801	-10.8708	-1.01296	1.90882	4.60972	-11.1274	4.45	-10.75	0	1.81614	
4.26983	-10.7222	-0.781011	2.0103	4.43858	-10.6346	4.45	-10.65	0	1.81614	
4.21811	-10.5388	-0.921689	2.46367	4.43099	-10.4242	4.45	-10.45	0	3.6396	
4.27022	-10.3536	-0.676375	2.57861	4.44616	-10.2449	4.45	-10.25	0	3.6396	
4.26989	-10.2278	-0.535011	2.42429	4.52156	-10.1192	4.5	-10.1	0.910021	2.73005	
4.35283	-10.0437	-0.267859	2.54513	4.55225	-9.94382	4.55	-9.95	0.910013	2.73003	
4.36262	-9.90277	-0.211298	2.57629	4.5897	-9.73457	4.6	-9.8	0.999085	2.99725	
4.45252	-9.7311	0.026859	2.68141	4.64586	-9.65356	4.65	-9.65	0.99908	2.99724	
4.50001	-9.62463	0.26742	2.32496	4.61159	-9.38621	4.7	-9.55	0.910095	1.82021	
4.58972	-9.47347	0.442589	2.38918	4.7442	-9.45683	4.75	-9.45	0.910091	1.82018	
4.63509	-9.35206	0.519517	2.35489	4.80746	-9.23434	4.85	-9.3	1.99828	2.99743	
4.75177	-9.20053	0.732349	2.44415	4.94202	-9.15915	4.95	-9.15	1.99826	2.99739	
4.80873	-9.05256	0.752342	2.51217	5.03379	-9.03255	5	-9	0.908384	2.72514	
4.91956	-8.88489	0.915805	2.58829	5.06039	-8.84271	5.05	-8.85	0.908384	2.72514	
5.02083	-8.79068	1.17413	2.24793	5.21058	-8.83852	5.15	-8.75	1.81679	1.8168	
5.1414	-8.65131	1.3025	2.29496	5.26598	-8.6555	5.25	-8.65	1.81679	1.8168	
5.22701	-8.52431	1.3464	2.28201	5.33786	-8.49992	5.35	-8.5	1.82017	2.73024	
5.34417	-8.38128	1.4468	2.32964	5.43516	-8.36367	5.45	-8.35	1.82015	2.73022	
5.45495	-8.27512	1.59843	2.16696	5.58025	-8.28767	5.55	-8.25	1.81852	1.81852	
5.57449	-8.15023	1.66881	2.18849	5.65225	-8.1686	5.65	-8.15	1.8185	1.8185	
5.69514	-8.05388	1.80787	2.0361	5.83663	-8.14888	5.75	-8.05	1.81752	1.81753	
5.79893	-7.94261	1.8168	2.03607	5.81186	-7.95139	5.85	-7.95	1.81752	1.81752	
5.91297	-7.84454	1.88594	1.9575	5.99151	-7.92468	5.95	-7.85	1.8194	1.8194	
6.0242	-7.73736	1.90182	1.9593	6.04627	-7.74932	6.05	-7.75	1.81941	1.8194	
6.10723	-7.59999	1.76739	2.12954	6.05883	-7.47931	6.15	-7.6	1.81742	2.72613	
6.22443	-7.46766	1.81504	2.16677	6.26179	-7.43797	6.25	-7.45	1.8174	2.72611	
6.36484	-7.3813	2.07435	1.90779	6.3458	-7.29797	6.4	-7.35	2.7248	1.81653	
6.50209	-7.26257	2.12744	1.94368	6.55234	-7.24441	6.55	-7.25	2.72477	1.81651	
6.63897	-7.17634	2.26427	1.80062	6.61964	-7.17343	6.65	-7.2	1.81957	0.909789	
6.75214	-7.09732	2.23332	1.75583	6.74556	-7.15305	6.75	-7.15	1.81957	0.909785	
6.8901	-7.01461	2.32555	1.66755	6.919	-7.04822	6.9	-7.05	2.72946	1.81964	
7.0301	-6.92288	2.35023	1.67209	7.06886	-6.94012	7.05	-6.95	2.72946	1.81964	
7.13394	-6.81131	2.18676	1.81346	7.12574	-6.81829	7.15	-6.85	1.81554	1.81554	
7.25159	-6.71848	2.17839	1.79772	7.25262	-6.73852	7.25	-6.75	1.81554	1.81554	
7.3538	-6.61147	2.08213	1.86518	7.30586	-6.61905	7.35	-6.65	1.82007	1.82007	
7.46295	-6.51751	2.06842	1.84536	7.45762	-6.53827	7.45	-6.55	1.82005	1.82005	
7.62323	-6.45577	2.38685	1.57806	7.59546	-6.48319	7.6	-6.5	2.72628	0.908764	
7.74474	-6.39121	2.3591	1.52724	7.74315	-6.44913	7.75	-6.45	2.72628	0.908764	
7.86481	-6.31149	2.31057	1.53618	7.8486	-6.40709	7.85	-6.4	1.81656	0.908285	
7.97373	-6.26086	2.26231	1.4572	7.9584	-6.34152	7.95	-6.35	1.81656	0.908281	
8.09641	-6.18773	2.27077	1.43094	8.05398	-6.23227	8.1	-6.25	2.73006	1.82003	
8.22428	-6.11768	2.27354	1.41348	8.24773	-6.1485	8.25	-6.15	2.73005	1.82003	
8.36216	-6.04415	2.36423	1.36194	8.32369	-5.98136	8.4	-6.05	2.72692	1.81795	
8.50895	-5.95593	2.40075	1.39638	8.55156	-5.93992	8.55	-5.95	2.7269	1.81794	
8.6137	-5.86034	2.21147	1.52288	8.63806	-5.84559	8.65	-5.85	1.81844	1.81844	
8.74182	-5.76807	2.22666	1.54369	8.7543	-5.75242	8.75	-5.75	1.81843	1.81843	
8.88833	-5.69072	2.34919	1.48533	9.00947	-5.71389	8.9	-5.65	2.72464	1.81643	
9.03335	-5.58553	2.3862	1.54202	9.06113	-5.54128	9.05	-5.55	2.72465	1.81643	
9.14022	-5.48476	2.22205	1.64171	9.13937	-5.44533	9.15	-5.45	1.81916	1.81918	
9.26318	-5.37833	2.22885	1.67812	9.24452	-5.3352	9.25	-5.35	1.81916	1.81916	
9.38065	-5.2866	2.22795	1.67079	9.26221	-5.25032	9.35	-5.3	1.81895	0.909466	
9.48327	-5.21918	2.18406	1.61035	9.43645	-5.25801	9.45	-5.25	1.81894	0.90947	
9.5658	-5.11375	1.89575	1.75381	9.71784	-5.19928	9.55	-5.1	1.81986	2.72981	
9.67045	-4.99928	1.90216	1.79479	9.64908	-4.9531	9.65	-4.95	1.81987	2.72981	
9.76607	-4.89445	1.86403	1.81749	9.67182	-4.82288	9.75	-4.85	1.81736	1.81735	
9.87184	-4.77988	1.87402	1.85137	9.86682	-4.74721	9.85	-4.75	1.81736	1.81735	
9.96641	-4.67286	1.82096	1.87864	9.94653	-4.64316	9.95	-4.65	1.81806	1.81805	
10.0694	-4.56091	1.82831	1.89899	10.0706	-4.54316	10.05	-4.55	1.81805	1.81805	
10.2308	-4.47616	2.18812	1.7616	10.4074	-4.52899	10.2	-4.45	2.72609	1.8174	
10.3515	-4.37078	2.19093	1.78107	10.3431	-4.35107	10.35	-4.35	2.72606	1.81737	
10.3802	-4.2376	1.57323	2.01947	10.3837	-4.17982	10.4	-4.2	0.908945	2.72688	
10.4687	-4.10901	1.58105	2.06026	10.4578	-4.07071	10.45	-4.05	0.908953	2.72687	
10.5823	-4.00033	1.76467	2.00632	10.5531	-3.94939	10.55	-3.95	1.81903	1.81904	
10.6751	-3.87643	1.76053	2.03701	10.6424	-3.84126	10.65	-3.85	1.81902	1.81903	
10.7599	-3.75521	1.71325	2.06561	10.6157	-3.63689	10.75	-3.7	1.81931	2.72896	
10.861	-3.60763	1.73253	2.14609	10.8572	-3.53957	10.85	-3.55	1.81931	2.72896	
10.9034	-3.48167	1.45497	2.24138	10.8149	-3.35552	10.9	-3.4	0.999745	2.99928	
10.9756	-3.33228	1.46205	2.32843	10.9372	-3.24816	10.95	-3.25	0.999754	2.99928	
11.0852	-3.20635	1.69995	2.27813	10.9078	-3.10703	11.05	-3.15	1.81764	1.81765	
11.1718	-3.07537	1.68932	2.29038	11.135	-3.05697	11.15	-3.05	1.81763	1.81764	
11.2139	-2.93644	1.36023	2.37265	11.1507	-2.87978	11.2	-2.9	0.909657	2.72896	
11.286	-2.78647	1.35884	2.41835	11.2571	-2.74346	11.25	-2.75	0.909648	2.72893	
11.2178	-2.63855	0.429965	2.61233	11.2614	-2.58697	11.2	-2.6	-0.998725	2.99617	
11.2239	-2.49413	0.406491	2.64269	11.1393	-2.45312	11.15	-2.45	-0.998725	2.99616	
11.2805	-2.34917	0.647408	2.61165	11.2346	-2.28949	11.2	-2.3	0.908813	2.72643	
11.3041	-2.195	0.628436	2.6353	11.239	-2.16508	11.25	-2.15	0.908805	2.7264	
11.3483	-2.04825	0.739028	2.62586	11.1623	-1.9797	11.3	-2	0.909855	2.72956	
11.3826	-1.88755	0.730266	2.6643	11.3424	-1.85113	11.35	-1.85	0.909847	2.72953	
