8.46292	0.243462	-3.03909	-0.087429	8.46292	0.243462	8.6	0.25	-3.00029	0
8.44779	0.251517	-1.08454	0.0900959	8.44818	0.251553	8.45	0.25	-3.00027	0
8.50769	0.23986	-0.000532937	-0.257804	8.56759	0.241943	8.45	0.25	0	0
8.49014	0.240638	-0.0128882	0.0213247	8.45582	0.253997	8.45	0.25	0	0
8.40555	0.253257	-1.59583	0.10713	8.42544	0.254042	8.35	0.25	-1.81979	0
8.30154	0.258449	-1.60558	0.104319	8.23962	0.24916	8.25	0.25	-1.81978	0
8.07466	0.199691	-3.48395	-0.48651	7.93286	0.188391	8.05	0.2	-3.99976	-0.99994
7.89118	0.174898	-3.49112	-0.489556	7.84073	0.159858	7.85	0.15	-3.99972	-0.99993
7.71488	0.157102	-3.26249	-0.419925	7.61269	0.155818	7.7	0.15	-2.99982	0
7.55032	0.136494	-3.26399	-0.414559	7.54016	0.159641	7.55	0.15	-2.99982	0
7.45262	0.0960782	-2.08823	-0.577107	7.50815	0.0953827	7.45	0.100001	-1.8165	-0.908239
7.33819	0.0637181	-2.08745	-0.584859	7.3426	0.0345312	7.35	0.0500011	-1.81648	-0.90823
7.18493	0.00692537	-2.69434	-0.816333	7.20598	0.00492725	7.2	9.49949e-07	-2.72851	-0.909507
7.03859	-0.0382545	-2.69165	-0.8204	7.05406	-0.0533413	7.05	-0.0499992	-2.72849	-0.909499
6.92815	-0.141751	-1.8417	-1.38032	6.74585	-0.143185	6.95	-0.15	-1.81898	-1.81898
6.82922	-0.21843	-1.83819	-1.39075	6.84972	-0.258748	6.85	-0.25	-1.81896	-1.81897
6.71473	-0.343909	-2.0793	-1.93982	6.66966	-0.346668	6.75	-0.349999	-2.00076	-2.00075
6.61387	-0.441357	-2.07496	-1.94489	6.64329	-0.462604	6.65	-0.449999	-2.00076	-2.00075
6.57249	-0.553355	-1.16403	-2.11686	6.60862	-0.557035	6.6	-0.549999	-0.998836	-1.99769
6.51814	-0.659515	-1.15778	-2.11582	6.56029	-0.650892	6.55	-0.65	-0.99884	-1.99769
6.46886	-0.845352	-0.788712	-2.83	6.40696	-0.842921	6.5	-0.85	-0.908747	-3.63498
6.42877	-1.00236	-0.784208	-2.84299	6.45805	-1.05268	6.45	-1.05	-0.908739	-3.63494
6.33403	-1.14754	-1.60631	-2.67932	6.38626	-1.15695	6.35	-1.15	-1.81897	-1.81898
6.24589	-1.29408	-1.60417	-2.66859	6.25499	-1.25007	6.25	-1.25	-1.81896	-1.81896
6.32788	-1.45843	0.709838	-2.99439	6.43125	-1.48148	6.3	-1.45	0.909739	-3.63894
6.36714	-1.62367	0.708618	-3.00252	6.36328	-1.65656	6.35	-1.65	0.909727	-3.63891
6.29403	-1.80075	-0.831869	-3.13614	6.3228	-1.81431	6.3	-1.8	-0.999494	-2.9985
6.25181	-1.95737	-0.832551	-3.13464	6.24641	-1.95075	6.25	-1.95	-0.999489	-2.99847
6.30339	-2.10763	0.50769	-3.20229	6.31851	-2.10969	6.3	-2.1	0.999984	-2.99994
6.32946	-2.26746	0.510786	-3.19625	6.34644	-2.23829	6.35	-2.25	0.999979	-2.99994
6.32643	-2.40299	-0.00848287	-2.71735	6.32593	-2.40018	6.35	-2.4	0	-2.72613
6.32766	-2.55301	-0.00467177	-2.71697	6.34927	-2.55175	6.35	-2.55	0	-2.72611
6.386	-2.70133	0.750057	-2.7881	6.43125	-2.71878	6.4	-2.7	0.909499	-2.72851
6.42733	-2.85438	0.751371	-2.78507	6.43257	-2.84245	6.45	-2.85	0.909503	-2.72851
6.44031	-2.992	0.378308	-2.70698	6.46536	-3.00452	6.45	-3	0	-2.99754
6.45855	-3.12763	0.374951	-2.71185	6.44119	-3.14955	6.45	-3.15	0	-2.99754
6.50563	-3.30981	0.796044	-3.11809	6.52249	-3.32007	6.5	-3.3	0.910402	-2.7312
6.54846	-3.48017	0.796356	-3.11246	6.5453	-3.45745	6.55	-3.45	0.910402	-2.7312
6.6485	-3.60548	1.47945	-2.7607	6.6358	-3.59197	6.65	-3.6	1.81722	-2.72583
6.73191	-3.75811	1.48496	-2.75908	6.76011	-3.75457	6.75	-3.75	1.81721	-2.72581
6.79245	-3.9017	1.1312	-2.5929	6.83625	-3.92723	6.8	-3.9	0.907988	-2.72396
6.85547	-4.04513	1.1315	-2.59606	6.85997	-4.05805	6.85	-4.05	0.907976	-2.72393
6.90056	-4.20161	0.977655	-2.72469	6.86943	-4.18507	6.9	-4.2	0.909334	-2.72801
6.95339	-4.35085	0.975965	-2.72346	6.94332	-4.34473	6.95	-4.35	0.90933	-2.72799
6.99421	-4.46324	0.650428	-2.25017	7.05156	-4.49706	7	-4.45	0.910054	-1.8201
7.02963	-4.58568	0.654551	-2.24059	7.04099	-4.55018	7.05	-4.55	0.910054	-1.8201
7.10934	-4.68875	1.18027	-2.14155	7.10252	-4.67934	7.1	-4.7	0.908302	-2.72489
7.17411	-4.80817	1.17193	-2.15641	7.14735	-4.86125	7.15	-4.85	0.908297	-2.72489
7.25521	-5.00541	1.51337	-2.99955	7.31379	-5.05204	7.25	-5	1.81907	-2.72861
7.33571	-5.16859	1.50765	-2.99722	7.30424	-5.15404	7.35	-5.15	1.81907	-2.72861
7.38816	-5.30263	1.1585	-2.66485	7.29446	-5.23429	7.4	-5.3	0.908194	-2.7246
7.45175	-5.44939	1.15734	-2.66603	7.44737	-5.45308	7.45	-5.45	0.90819	-2.72457
7.55002	-5.56516	1.41393	-2.35594	7.63082	-5.61863	7.55	-5.55	1.81974	-1.81974
7.62795	-5.69378	1.41908	-2.34798	7.64356	-5.66706	7.65	-5.65	1.81972	-1.81972
7.69035	-5.81293	1.3069	-2.27884	7.60376	-5.74774	7.7	-5.8	0.90983	-2.72951
7.76084	-5.93812	1.29998	-2.28454	7.7342	-5.95374	7.75	-5.95	0.909826	-2.72948
7.86699	-6.10118	2.00675	-2.98166	7.82165	-6.06822	7.85	-6.1	1.9986	-2.9979
7.96657	-6.24975	2.00529	-2.98069	7.95703	-6.24328	7.95	-6.25	1.99858	-2.99787
8.06497	-6.36662	1.57342	-2.31186	8.17338	-6.44684	8.05	-6.35	1.81738	-1.81739
8.15093	-6.492	1.57817	-2.30088	8.15891	-6.45335	8.15	-6.45	1.81737	-1.81737
8.20996	-6.61535	1.38206	-2.30458	8.08628	-6.51855	8.2	-6.6	0.909293	-2.72787
8.28413	-6.74152	1.37457	-2.30843	8.25411	-6.74791	8.25	-6.75	0.909293	-2.72787
8.35971	-6.86633	1.49779	-2.39104	8.25647	-6.78122	8.35	-6.85	1.81994	-1.81993
8.44113	-6.99571	1.50168	-2.38047	8.44494	-6.95805	8.45	-6.95	1.81993	-1.81993
8.4996	-7.10529	1.40239	-2.33456	8.39359	-7.01743	8.5	-7.1	1.00006	-3.00018
8.5691	-7.22259	1.39662	-2.34116	8.54925	-7.24433	8.55	-7.25	1.00006	-3.00018
8.65532	-7.39319	1.78607	-3.01162	8.64403	-7.39047	8.65	-7.4	1.99807	-2.99712
8.74413	-7.54359	1.78438	-3.01188	8.73559	-7.5421	8.75	-7.55	1.99808	-2.99712
8.80082	-7.65961	1.02196	-2.23722	8.87176	-7.71912	8.8	-7.65	0.909955	-1.8199
8.8556	-7.78076	1.02179	-2.23092	8.84538	-7.75497	8.85	-7.75	0.909946	-1.81988
8.92138	-7.91803	1.32353	-2.6027	8.88333	-7.88636	8.9	-7.9	0.999086	-2.9973
8.98573	-8.04705	1.31848	-2.60256	8.95966	-8.0381	8.95	-8.05	0.999095	-2.9973
9.00677	-8.14913	0.746193	-2.12891	8.8564	-8.01424	9	-8.15	0.909309	-1.8186
9.04792	-8.26517	0.751088	-2.12179	9.05896	-8.24314	9.05	-8.25	0.909301	-1.81859
9.11883	-8.41415	1.21032	-2.64586	9.17781	-8.47056	9.1	-8.4	1.0004	-3.00119
9.17786	-8.54589	1.20439	-2.64866	9.15332	-8.54857	9.15	-8.55	1.00038	-3.00117
9.20915	-8.66889	0.686455	-2.24419	9.22922	-8.6898	9.2	-8.65	0.909508	-1.819
9.24626	-8.79086	0.688512	-2.23799	9.24541	-8.76863	9.25	-8.75	0.9095	-1.81899
9.37038	-8.99796	2.03254	-3.60093	9.37748	-9.00609	9.35	-8.95	1.99965	-3.99928
9.47	-9.17605	2.02923	-3.59727	9.44703	-9.15328	9.45	-9.15	1.99964	-3.99928
9.51328	-9.27391	1.07053	-2.45981	9.50096	-9.25642	9.5	-9.25	0.999584	-1.99917
9.56438	-9.39383	1.06917	-2.45146	9.54157	-9.35195	9.55	-9.35	0.999584	-1.99917
9.5794	-9.52012	0.755793	-2.47382	9.47534	-9.42627	9.55	-9.5	0	-3.00023
9.61337	-9.64262	0.739104	-2.48182	9.54779	-9.64959	9.55	-9.65	0	-3.0002
9.64915	-9.82095	0.855992	-3.04236	9.69942	-9.88416	9.6	-9.8	0.999005	-2.997
9.68858	-9.97	0.849126	-3.03752	9.64606	-9.9341	9.65	-9.95	0.998995	-2.997
9.70779	-10.0809	0.463761	-2.42325	9.60087	-9.96395	9.7	-10.05	0.909855	-1.81969
9.73209	-10.2096	0.473551	-2.40267	9.73801	-10.1396	9.75	-10.15	0.909847	-1.81969
9.79252	-10.3392	0.760258	-2.47723	9.92627	-10.4745	9.75	-10.3	0	-3.00065
9.82636	-10.4621	0.740084	-2.48779	9.75524	-10.4732	9.75	-10.45	0	-3.00063
9.84034	-10.6279	0.692113	-2.87488	9.71825	-10.5087	9.8	-10.6	0.90817	-2.72451
9.87612	-10.7835	0.688184	-2.86901	9.85048	-10.7526	9.85	-10.75	0.908161	-2.72448
9.87629	-10.9239	0.210582	-2.52737	9.88465	-10.9383	9.85	-10.9	0	-2.73074
9.88428	-11.0604	0.198092	-2.52758	9.83614	-11.041	9.85	-11.05	0	-2.73073
9.88237	-11.2098	0.19918	-2.80602	9.83952	-11.1692	9.85	-11.2	0	-2.99965
9.8896	-11.3492	0.186867	-2.81104	9.84568	-11.3496	9.85	-11.35	0	-2.99961
9.86319	-11.5257	-0.0983182	-3.07038	9.87961	-11.5637	9.85	-11.5	0	-2.99843
9.85586	-11.6757	-0.0996093	-3.06173	9.83206	-11.6307	9.85	-11.65	0	-2.99843
9.79769	-11.7811	-0.923681	-2.1963	9.85311	-11.8523	9.8	-11.75	-1.0003	-2.00061
9.75056	-11.8878	-0.918747	-2.18554	9.74928	-11.8442	9.75	-11.85	-1.00029	-2.00059
9.73092	-12.0161	-0.522875	-2.57228	9.69694	-11.9706	9.7	-12	-1.0004	-3.00119
9.702	-12.1441	-0.537572	-2.57919	9.65354	-12.1497	9.65	-12.15	-1.00039	-3.00116
9.63596	-12.2727	-1.06429	-2.28358	9.72311	-12.3964	9.6	-12.25	-0.999885	-1.99981
9.58017	-12.3838	-1.06923	-2.27841	9.54859	-12.3478	9.55	-12.35	-0.999884	-1.99979
9.46726	-12.4764	-1.68136	-1.89567	9.39039	-12.3902	9.45	-12.45	-1.99803	-1.99805
9.38153	-12.5695	-1.68518	-1.89333	9.36086	-12.5501	9.35	-12.55	-1.99804	-1.99804
9.31833	-12.6823	-1.38046	-2.07566	9.34456	-12.7106	9.3	-12.65	-0.909773	-1.81953
9.24069	-12.7937	-1.38282	-2.06931	9.22134	-12.7613	9.25	-12.75	-0.909773	-1.81954
9.07595	-12.8682	-2.5303	-1.23497	9.15326	-13.0031	9.05	-12.85	-3.99257	-1.99629
8.94354	-12.9299	-2.5654	-1.25212	8.84161	-12.9519	8.85	-12.95	-3.99253	-1.99627
8.76833	-13.0214	-2.76645	-1.4957	8.71632	-12.9613	8.75	-13	-1.8213	-0.910651
8.61823	-13.1	-2.7431	-1.4754	8.66358	-13.0431	8.65	-13.05	-1.8213	-0.910651
8.50441	-13.1262	-2.71213	-0.898685	8.54518	-13.1702	8.5	-13.1	-2.997	-0.999005
8.36782	-13.1699	-2.71373	-0.896549	8.35763	-13.1557	8.35	-13.15	-2.997	-0.998995
8.2189	-13.1654	-2.90219	-0.193219	8.22926	-13.1698	8.2	-13.15	-2.72741	0
8.05759	-13.1739	-2.90722	-0.190085	8.03583	-13.1513	8.05	-13.15	-2.72742	0
7.89758	-13.1696	-2.87153	-0.142174	7.82914	-13.0525	7.9	-13.15	-2.72986	0
7.74102	-13.1769	-2.86119	-0.136392	7.76538	-13.1647	7.75	-13.15	-2.72986	0
7.6203	-13.2343	-2.54758	-0.769749	7.66145	-13.3079	7.6	-13.2	-2.9979	-0.999304
7.49014	-13.2706	-2.55947	-0.770005	7.44786	-13.2517	7.45	-13.25	-2.9979	-0.999304
7.30445	-13.2607	-3.03011	-0.132505	7.21107	-13.0985	7.3	-13.25	-2.72846	0
7.13859	-13.2661	-3.01912	-0.123651	7.16011	-13.2382	7.15	-13.25	-2.72844	0
6.98978	-13.179	-3.13451	0.837399	6.88472	-12.9588	7	-13.2	-2.99784	0.999284
6.83393	-13.1382	-3.13073	0.836515	6.84891	-13.1493	6.85	-13.15	-2.99784	0.999284
6.69799	-13.0982	-2.86918	0.815261	6.77424	-13.2337	6.7	-13.1	-2.72787	0.909275
6.54135	-13.0547	-2.86461	0.813872	6.55759	-13.0679	6.55	-13.05	-2.72787	0.909284
6.39218	-13.0561	-2.67434	0.208394	6.40137	-13.0799	6.4	-13.05	-2.72678	0
6.24606	-13.0455	-2.66933	0.2081	6.26174	-13.0534	6.25	-13.05	-2.72678	0
6.09591	-13.0006	-2.79422	0.671073	6.10143	-13.0076	6.1	-13	-2.72966	0.909888
5.94212	-12.9626	-2.79297	0.674	5.94198	-12.9494	5.95	-12.95	-2.72963	0.90988
5.79114	-12.8432	-3.1201	1.86524	5.79854	-12.8478	5.8	-12.85	-2.99777	1.99851
5.63554	-12.7491	-3.11391	1.86889	5.65107	-12.7365	5.65	-12.75	-2.99778	1.99852
5.5404	-12.6801	-2.28545	1.05972	5.50547	-12.5721	5.55	-12.7	-1.81798	0.908995
5.41627	-12.6244	-2.27989	1.05569	5.43839	-12.652	5.45	-12.65	-1.81799	0.908995
5.28266	-12.5038	-2.49308	1.89328	5.27506	-12.4782	5.3	-12.55	-2.72627	1.81753
5.14584	-12.4048	-2.50401	1.87855	5.1307	-12.4684	5.15	-12.45	-2.72625	1.8175
5.02029	-12.3229	-2.37791	1.63171	5.04446	-12.3808	5.05	-12.35	-1.8199	1.81989
4.89173	-12.2352	-2.36531	1.63151	4.92985	-12.2499	4.95	-12.25	-1.81991	1.8199
4.79501	-12.1107	-2.21074	2.01194	4.75061	-11.9803	4.85	-12.15	-1.99928	1.99929
4.68839	-12.0156	-2.19205	2.00732	4.75915	-12.0666	4.75	-12.05	-1.99928	1.99928
4.6547	-11.8629	-1.5412	2.45114	4.69113	-11.9084	4.7	-11.9	-0.908236	2.72471
4.57331	-11.7303	-1.51743	2.45327	4.64378	-11.7442	4.65	-11.75	-0.908231	2.7247
4.5808	-11.6112	-0.684659	2.04328	4.59746	-11.6205	4.6	-11.65	-0.909847	1.81971
4.54462	-11.5046	-0.687337	2.03023	4.54975	-11.5706	4.55	-11.55	-0.909843	1.81969
4.45015	-11.2975	-1.49741	3.70706	4.47442	-11.3673	4.5	-11.35	-1.0008	4.0032
4.37849	-11.1162	-1.48059	3.70489	4.44059	-11.1496	4.45	-11.15	-1.0008	4.00321
4.41483	-10.9992	-0.210292	2.22048	4.43713	-11.024	4.45	-11.05	0	1.81614
4.40613	-10.8818	-0.198119	2.21383	4.45136	-10.93	4.45	-10.95	0	1.81612
4.41686	-10.7244	-0.114267	2.72706	4.44745	-10.786	4.45	-10.8	0	2.72555
4.41379	-10.5806	-0.103496	2.7168	4.45788	-10.6457	4.45	-10.65	0	2.72554
4.40959	-10.4469	-0.120513	2.66061	4.46329	-10.5756	4.45	-10.5	0	2.729
4.4052	-10.3042	-0.110937	2.65601	4.44057	-10.3382	4.45	-10.35	0	2.72898
4.47111	-10.1499	0.488341	2.70702	4.51895	-10.2367	4.5	-10.2	0.908962	2.72687
4.50091	-10.0053	0.501744	2.70234	4.54925	-10.0439	4.55	-10.05	0.908954	2.72685
4.57112	-9.85094	0.819751	2.82961	4.63224	-9.9707	4.6	-9.9	0.909756	2.72927
4.61818	-9.69993	0.823154	2.82085	4.63755	-9.74952	4.65	-9.75	0.909752	2.72926
4.65383	-9.52784	0.746618	2.95096	4.60757	-9.4335	4.7	-9.6	0.90859	2.72578
4.69912	-9.37366	0.756341	2.93625	4.74589	-9.4609	4.75	-9.45	0.908586	2.72576
4.80551	-9.23936	1.35632	2.6135	4.89179	-9.39473	4.85	-9.3	1.81967	2.72952
4.88393	-9.10046	1.37398	2.61002	4.94849	-9.13867	4.95	-9.15	1.81967	2.72951
4.96487	-8.9865	1.55464	2.32948	4.95209	-8.96272	5	-9.05	0.999884	1.99977
5.04453	-8.87548	1.55041	2.31611	5.04121	-8.94979	5.05	-8.95	0.999874	1.99974
5.1302	-8.75568	1.47849	2.38391	5.20806	-8.88942	5.15	-8.8	1.81805	2.72708
5.21428	-8.62672	1.49394	2.38586	5.26887	-8.63564	5.25	-8.65	1.81803	2.72705
5.3424	-8.5191	2.04239	2.14856	5.3785	-8.56768	5.35	-8.55	1.99956	1.99957
5.44512	-8.41278	2.0426	2.14613	5.44864	-8.42738	5.45	-8.45	1.99954	1.99954
5.50165	-8.33684	1.49098	1.886	5.56465	-8.44845	5.5	-8.35	0.909045	1.81807
5.58189	-8.23264	1.47815	1.88061	5.53862	-8.24357	5.55	-8.25	0.909045	1.81808
5.6924	-8.0961	1.7506	2.1294	5.64921	-8.02513	5.7	-8.1	2.72608	2.72608
5.79102	-7.97913	1.76851	2.13864	5.85094	-7.95601	5.85	-7.95	2.72606	2.72606
5.93151	-7.84535	2.19087	2.2134	5.93492	-7.84119	5.95	-7.85	1.81801	1.81801
6.05273	-7.72457	2.19222	2.21151	6.05986	-7.73559	6.05	-7.75	1.81802	1.81801
6.13993	-7.62766	1.8975	2.00584	6.13741	-7.63243	6.15	-7.65	1.81798	1.81798
6.24566	-7.51927	1.89905	2.00128	6.25659	-7.54336	6.25	-7.55	1.81798	1.81798
6.35669	-7.42239	1.96859	1.87611	6.39143	-7.46358	6.35	-7.45	1.82027	1.82027
6.46545	-7.32163	1.96251	1.86543	6.452	-7.36418	6.45	-7.35	1.82025	1.82025
6.59458	-7.22892	2.46219	1.60502	6.47916	-7.09783	6.6	-7.25	2.99862	1.99908
6.7196	-7.1496	2.47052	1.60817	6.7556	-7.14598	6.75	-7.15	2.99862	1.99908
6.78656	-7.03016	1.67766	2.06788	6.68682	-6.93297	6.8	-7.05	0.908005	1.816
6.87898	-6.91756	1.67198	2.05982	6.86356	-6.94732	6.85	-6.95	0.908	1.81601
7.01483	-6.85419	2.24395	1.44188	7.08741	-6.92602	7	-6.85	2.72856	1.81904
7.13859	-6.77417	2.25002	1.4488	7.15695	-6.75136	7.15	-6.75	2.72854	1.81902
7.25247	-6.64923	1.94757	2.04201	7.29976	-6.68807	7.25	-6.65	1.8202	1.8202
7.35988	-6.53815	1.94497	2.03615	7.35505	-6.56058	7.35	-6.55	1.82018	1.82018
7.50897	-6.51047	2.75505	1.07733	7.53544	-6.5372	7.5	-6.5	2.99964	0.999884
7.64753	-6.45725	2.75662	1.07648	7.65664	-6.46417	7.65	-6.45	2.99964	0.999884
7.74569	-6.39763	2.1714	1.17659	7.67559	-6.34628	7.75	-6.4	1.81709	0.908549
7.86507	-6.33378	2.16666	1.16934	7.85193	-6.35845	7.85	-6.35	1.81709	0.908545
7.9963	-6.25844	2.24187	1.28862	8.03231	-6.28406	8	-6.25	2.72931	1.81954
8.11953	-6.18606	2.24881	1.30053	8.13749	-6.14586	8.15	-6.15	2.72928	1.81952
8.24081	-6.04898	2.19571	2.01994	8.21488	-6.01843	8.25	-6.05	1.99977	1.99976
8.34967	-5.94753	2.19299	2.01914	8.33626	-5.94674	8.35	-5.95	1.99977	1.99976
8.50476	-5.89012	2.80331	1.33827	8.50318	-5.89335	8.5	-5.9	2.72796	0.909326
8.66008	-5.81865	2.80012	1.32626	8.65894	-5.86309	8.65	-5.85	2.72796	0.909321
8.7531	-5.72798	1.94847	1.69617	8.77185	-5.74314	8.75	-5.75	1.81776	1.81775
8.86009	-5.63488	1.94666	1.69354	8.85444	-5.64273	8.85	-5.65	1.81774	1.81773
8.95623	-5.55902	1.87085	1.65774	9.02394	-5.6024	8.95	-5.55	1.99657	1.99656
9.04946	-5.4751	1.87238	1.6631	9.05088	-5.45385	9.05	-5.45	1.99654	1.99655
9.1984	-5.39201	2.70982	1.32668	9.04088	-5.29691	9.2	-5.4	2.72728	0.909094
9.34724	-5.31922	2.70828	1.32431	9.34223	-5.32623	9.35	-5.35	2.72727	0.90909
9.42495	-5.22955	1.76246	1.65727	9.39579	-5.21659	9.45	-5.25	1.81816	1.81815
9.52397	-5.13882	1.76928	1.66153	9.55303	-5.13194	9.55	-5.15	1.81813	1.81813
9.61738	-5.07298	1.62081	1.51188	9.75019	-5.14652	9.65	-5.05	1.82036	1.82036
9.70898	-4.98857	1.63535	1.53292	9.7586	-4.93134	9.75	-4.95	1.82036	1.82037
9.83284	-4.83757	1.82375	2.1338	9.9198	-4.86941	9.85	-4.85	1.81578	1.81577
9.9355	-4.7215	1.82686	2.12867	9.95641	-4.74358	9.95	-4.75	1.81575	1.81575
10.0336	-4.56692	1.74838	2.46821	10.0029	-4.54771	10.05	-4.6	1.82039	2.7306
10.131	-4.43238	1.74975	2.46332	10.1428	-4.45119	10.15	-4.45	1.8204	2.7306
10.2292	-4.281	1.78082	2.58866	10.1981	-4.26556	10.25	-4.3	1.81769	2.72652
10.3305	-4.14024	1.78652	2.58388	10.3644	-4.16342	10.35	-4.15	1.81768	2.7265
10.4543	-4.05973	2.08552	2.03967	10.5985	-4.12247	10.45	-4.05	1.81792	1.81792
10.5668	-3.94697	2.08044	2.03838	10.5415	-3.9454	10.55	-3.95	1.8179	1.8179
10.6645	-3.83479	1.79407	2.09401	10.7092	-3.85166	10.65	-3.85	1.81903	1.81904
10.7635	-3.72081	1.79212	2.08435	10.7616	-3.75002	10.75	-3.75	1.81902	1.81903
10.804	-3.60638	0.998138	2.18965	10.795	-3.60617	10.8	-3.6	0.909773	2.72931
10.858	-3.48502	0.998289	2.19702	10.8527	-3.46164	10.85	-3.45	0.909764	2.72928
10.9807	-3.32376	1.97207	2.51523	10.9584	-3.30584	10.95	-3.3	1.99953	2.99928
11.076	-3.19607	1.96846	2.52511	11.0447	-3.1561	11.05	-3.15	1.9995	2.99925
11.1321	-2.99964	1.12618	3.11155	11.1178	-2.98807	11.1	-3	0.907725	2.72317
11.1904	-2.82896	1.11551	3.09639	11.1427	-2.86566	11.15	-2.85	0.907708	2.72314
11.2315	-2.69522	0.982681	2.78664	11.1491	-2.68183	11.2	-2.7	0.908929	2.72678
11.283	-2.54196	0.976469	2.78122	11.2525	-2.55311	11.25	-2.55	0.908929	2.72678
11.218	-2.38063	-0.601582	2.97829	11.1188	-2.36202	11.2	-2.4	-0.909276	2.72782
11.1832	-2.21795	-0.607362	2.96419	11.1594	-2.25598	11.15	-2.25	-0.909276	2.72782
11.2818	-2.10877	1.43931	2.33867	11.2029	-2.09837	11.25	-2.1	1.81915	2.72871
11.36	-1.97937	1.43859	2.34571	11.3525	-1.95787	11.35	-1.95	1.81913	2.72869
11.3616	-1.80949	0.361705	2.75298	11.3011	-1.79507	11.35	-1.8	0	2.73035
11.3774	-1.6583	0.353185	2.74696	11.3326	-1.67041	11.35	-1.65	0	2.73033
11.3114	-1.48142	-0.586422	3.10383	11.0622	-1.44342	11.3	-1.5	-0.999165	2.99748
11.2804	-1.32689	-0.590312	3.09372	11.2595	-1.35818	11.25	-1.35	-0.999155	2.99745
11.2231	-1.23035	-0.831806	2.48004	11.1658	-1.23674	11.2	-1.25	-0.909822	1.81964
11.1756	-1.09599	-0.837063	2.45819	11.1524	-1.15803	11.15	-1.15	-0.909822	1.81964
11.0503	-0.949066	-1.83428	2.68245	10.8534	-0.929069	11.05	-0.95	-1.99817	3.99632
10.9582	-0.812431	-1.8332	2.70725	10.9584	-0.728742	10.95	-0.75	-1.99816	3.99632
10.9075	-0.665925	-1.01655	2.6611	10.8608	-0.663121	10.9	-0.649999	-0.908549	1.8171
10.8528	-0.520537	-1.01476	2.65047	10.8648	-0.553034	10.85	-0.549999	-0.908532	1.81708
10.753	-0.426777	-1.75084	2.23125	10.8451	-0.437482	10.75	-0.45	-1.8174	1.81738
10.6566	-0.305338	-1.75154	2.21696	10.6542	-0.347474	10.65	-0.35	-1.8174	1.81738
10.4862	-0.237291	-2.83929	1.77823	10.5062	-0.245062	10.5	-0.25	-2.72796	1.81864
10.3313	-0.139864	-2.83711	1.7747	10.3438	-0.150982	10.35	-0.15	-2.72796	1.81864
10.2559	-0.0761334	-1.95231	1.48876	10.4884	-0.0812124	10.25	-0.0999996	-1.81964	0.909826
10.1491	0.00409384	-1.95155	1.47149	10.1537	-0.0482457	10.15	-0.0499992	-1.81963	0.909818
9.99514	0.0132743	-2.53868	0.864891	9.92588	0.00395802	10	9.49949e-07	-2.73049	0.910169
9.85576	0.060081	-2.53851	0.856951	9.85676	0.0351738	9.85	0.0500011	-2.73047	0.910161
9.70014	0.0642312	-2.69326	0.485676	9.63973	0.0585714	9.7	0.0500011	-2.72439	0
9.55138	0.0895383	-2.69404	0.469348	9.54669	0.0374948	9.55	0.0500011	-2.72438	0
9.39211	0.113442	-2.76861	0.452811	9.32242	0.112393	9.4	0.100001	-2.72773	0.90923
9.24026	0.138738	-2.76789	0.457356	9.24446	0.153574	9.25	0.15	-2.7277	0.909222
9.08819	0.197678	-2.72551	0.75492	9.0614	0.20077	9.1	0.2	-2.72652	0.908843
8.93907	0.239748	-2.72408	0.761106	8.94752	0.260272	8.95	0.25	-2.72653	0.908843
8.84586	0.248725	-1.97608	0.476567	8.90199	0.247143	8.85	0.25	-1.81847	0
8.73913	0.274703	-1.97234	0.473326	8.76016	0.263752	8.75	0.25	-1.81846	0
8.52679	0.264604	-3.40491	0.135646	8.46355	0.258809	8.55	0.25	-3.6326	0
8.34052	0.271652	-3.40252	0.130136	8.35367	0.252596	8.35	0.25	-3.6326	0
8.18532	0.249057	-2.77493	-0.128876	8.05161	0.241868	8.2	0.25	-2.72841	0
8.0346	0.242142	-2.77151	-0.127344	8.05411	0.247878	8.05	0.25	-2.72842	0
7.88594	0.210833	-2.59378	-0.346544	7.78653	0.205765	7.9	0.2	-2.72708	-0.909025
7.7432	0.190772	-2.59363	-0.359277	7.74339	0.144028	7.75	0.15	-2.72705	-0.909016
7.60839	0.0995122	-2.6846	-1.02611	7.77346	0.0969346	7.6	0.100001	-2.73169	-0.910554
7.46035	0.0432062	-2.68578	-1.02551	7.45362	0.0452052	7.45	0.0500011	-2.73169	-0.910554
7.28964	0.0382691	-3.04374	-0.586379	7.15329	0.0425189	7.3	0.0500011	-2.99789	0
7.13975	0.00925943	-3.03972	-0.582183	7.16618	0.0287673	7.15	0.0500011	-2.9979	0
7.05534	-0.0448839	-1.93483	-0.79953	7.17215	-0.0469302	7.05	-0.0499995	-1.81811	-1.81813
6.94941	-0.0899805	-1.93402	-0.814413	6.95426	-0.147757	6.95	-0.15	-1.8181	-1.81811
6.84308	-0.242675	-1.86655	-1.83859	6.83008	-0.250179	6.85	-0.25	-1.81646	-1.81646
6.74231	-0.343998	-1.86274	-1.83925	6.76395	-0.345347	6.75	-0.35	-1.81645	-1.81645
6.66038	-0.451516	-1.67211	-1.90213	6.74798	-0.457727	6.65	-0.45	-1.81901	-1.819
6.56659	-0.556142	-1.67583	-1.90427	6.54569	-0.565853	6.55	-0.549999	-1.81899	-1.81898
6.52605	-0.746062	-0.911744	-2.75656	6.565	-0.754748	6.5	-0.749999	-0.909789	-3.63914
6.47411	-0.898129	-0.916408	-2.76674	6.4494	-0.940848	6.45	-0.949999	-0.909781	-3.63911
6.41224	-1.10251	-1.11343	-3.4148	6.44213	-1.11266	6.4	-1.1	-1.0002	-3.00061
6.35543	-1.27285	-1.11499	-3.41207	6.34405	-1.26138	6.35	-1.25	-1.0002	-3.00061
6.32082	-1.35629	-0.963503	-2.51751	6.39474	-1.36501	6.3	-1.35	-1.00035	-2.00072
6.2704	-1.48088	-0.965303	-2.50647	6.25356	-1.42931	6.25	-1.45	-1.00036	-2.00072
6.28109	-1.61998	-0.0234823	-2.73049	6.24787	-1.61119	6.25	-1.6	0	-2.99288
6.27652	-1.75602	-0.0294599	-2.72948	6.23547	-1.75335	6.25	-1.75	0	-2.99285
6.32663	-1.90589	0.627904	-2.77272	6.41111	-1.93027	6.3	-1.9	0.909739	-2.72921
6.36012	-2.05795	0.626031	-2.77166	6.34873	-2.05372	6.35	-2.05	0.909735	-2.72921
6.37349	-2.20864	0.137917	-2.66123	6.53066	-2.26346	6.35	-2.2	0	-2.72782
6.37985	-2.35432	0.136421	-2.65739	6.36917	-2.33894	6.35	-2.35	0	-2.72779
6.36556	-2.55133	0.0442139	-3.18763	6.27034	-2.51837	6.35	-2.55	0	-3.63689
6.36632	-2.72623	0.0398264	-3.18958	6.34287	-2.73391	6.35	-2.75	0	-3.63689
6.42038	-2.907	0.710827	-3.31901	6.45883	-2.92313	6.4	-2.9	0.908854	-2.72658
6.45729	-3.08823	0.708331	-3.3127	6.43866	-3.06257	6.45	-3.05	0.908859	-2.72658
6.514	-3.21657	0.877817	-2.79996	6.49154	-3.20004	6.5	-3.2	0.908863	-2.72658
6.55965	-3.36897	0.874377	-2.79362	6.53579	-3.34211	6.55	-3.35	0.908855	-2.72655
6.62895	-3.49887	1.02107	-2.54159	6.70146	-3.53446	6.6	-3.5	0.908714	-2.72613
6.68244	-3.63769	1.01419	-2.54291	6.64657	-3.63945	6.65	-3.65	0.908702	-2.72611
6.72386	-3.82089	0.939927	-2.98153	6.70956	-3.81739	6.7	-3.8	0.909565	-2.72871
6.77311	-3.98326	0.936155	-2.97718	6.74885	-3.96368	6.75	-3.95	0.909561	-2.72869
6.81927	-4.11855	0.905122	-2.72149	6.73758	-4.06653	6.8	-4.1	0.908566	-2.72568
6.86793	-4.26747	0.903769	-2.71855	6.85796	-4.25464	6.85	-4.25	0.908561	-2.72569
6.98739	-4.42042	1.67627	-2.83299	7.10395	-4.4909	6.95	-4.4	1.81821	-2.72732
7.07683	-4.5745	1.6711	-2.8297	7.04679	-4.55716	7.05	-4.55	1.81822	-2.72732
7.1293	-4.71311	1.25619	-2.63739	7.02393	-4.64459	7.1	-4.7	0.91085	-2.73253
7.19397	-4.85591	1.2441	-2.63964	7.13435	-4.85502	7.15	-4.85	0.910837	-2.73251
7.24249	-4.97448	1.02894	-2.45529	7.24619	-4.97657	7.2	-4.95	1.00033	-2.00068
7.28987	-5.0939	1.02478	-2.44596	7.25317	-5.04605	7.25	-5.05	1.00033	-2.00066
7.39305	-5.22253	1.9529	-2.81758	7.22054	-5.09604	7.35	-5.2	1.9976	-2.9964
7.48704	-5.36138	1.94441	-2.81686	7.43604	-5.34825	7.45	-5.35	1.9976	-2.9964
7.52165	-5.46683	0.992631	-2.15164	7.40989	-5.38617	7.5	-5.45	0.908252	-1.8165
7.57457	-5.58392	0.989851	-2.14827	7.55662	-5.56714	7.55	-5.55	0.908244	-1.81648
7.64917	-5.71705	1.5964	-2.59715	7.39379	-5.52612	7.65	-5.7	1.81785	-2.72677
7.73821	-5.85988	1.60324	-2.59115	7.76459	-5.8425	7.75	-5.85	1.81785	-2.72677
7.78658	-5.96108	0.92164	-1.97495	7.84699	-6.00602	7.8	-5.95	0.909078	-1.81815
7.83797	-6.06911	0.928093	-1.96717	7.85921	-6.04502	7.85	-6.05	0.909073	-1.81815
7.94971	-6.18865	1.77894	-2.31989	7.89511	-6.1416	7.95	-6.2	1.8197	-2.72955
8.04924	-6.31857	1.77756	-2.33061	8.05619	-6.36041	8.05	-6.35	1.81969	-2.72953
8.15044	-6.47607	1.81223	-2.58741	8.2234	-6.53735	8.15	-6.5	1.8187	-2.72807
8.25118	-6.62001	1.81081	-2.59496	8.25446	-6.64851	8.25	-6.65	1.81869	-2.72804
8.289	-6.7403	0.952049	-2.13209	8.32206	-6.77114	8.3	-6.75	0.908979	-1.81795
8.33937	-6.856	0.948106	-2.1293	8.31728	-6.8399	8.35	-6.85	0.908979	-1.81795
8.38351	-6.99977	1.07067	-2.51006	8.2713	-6.91098	8.4	-7	0.909094	-2.72732
8.44279	-7.13866	1.06921	-2.51427	8.44183	-7.15372	8.45	-7.15	0.909102	-2.72732
8.55242	-7.27548	1.6909	-2.66759	8.54154	-7.25975	8.55	-7.3	1.81751	-2.72628
8.64757	-7.42521	1.68986	-2.67907	8.65899	-7.4699	8.65	-7.45	1.81752	-2.72628
8.69517	-7.55591	0.921165	-2.20078	8.83598	-7.68162	8.7	-7.55	0.908615	-1.81723
8.7463	-7.67555	0.929723	-2.18916	8.76769	-7.64094	8.75	-7.65	0.908607	-1.81721
8.85719	-7.80068	1.7528	-2.52373	8.77916	-7.72457	8.85	-7.8	1.8215	-2.73224
8.95395	-7.94002	1.75244	-2.52671	8.95669	-7.95155	8.95	-7.95	1.82148	-2.73221
9.00463	-8.11713	1.34012	-2.85232	9.1081	-8.22433	9	-8.1	0.999025	-2.99707
9.07024	-8.25847	1.33807	-2.84949	9.05476	-8.24211	9.05	-8.25	0.999015	-2.99704
9.10021	-8.36961	0.610107	-2.13599	9.13825	-8.4037	9.1	-8.35	0.908285	-1.81657
9.1333	-8.48518	0.61546	-2.12533	9.14025	-8.44981	9.15	-8.45	0.908268	-1.81655
9.22257	-8.60174	1.2636	-2.31381	9.22081	-8.59155	9.2	-8.6	0.91012	-2.73036
9.29016	-8.72975	1.24979	-2.32655	9.25031	-8.76071	9.25	-8.75	0.910112	-2.73033
9.31647	-8.90675	0.938548	-2.74126	9.30208	-8.90831	9.3	-8.9	0.909524	-2.72856
9.36633	-9.05619	0.933648	-2.7405	9.34431	-9.04587	9.35	-9.05	0.909524	-2.72856
9.41796	-9.2048	1.04945	-2.90677	9.39993	-9.18842	9.4	-9.2	0.999066	-2.99725
9.4695	-9.35094	1.04143	-2.91439	9.4452	-9.37195	9.45	-9.35	0.999075	-2.99724
9.51835	-9.49626	0.931331	-2.75299	9.48751	-9.46421	9.5	-9.5	0.909706	-2.7291
9.56841	-9.64719	0.92639	-2.75504	9.55098	-9.64789	9.55	-9.65	0.909706	-2.7291
9.60928	-9.79156	0.93343	-2.85826	9.57122	-9.75525	9.6	-9.8	1.00048	-3.00143
9.65423	-9.93412	0.925024	-2.86314	9.62408	-9.94149	9.65	-9.95	1.00046	-3.00141
9.68712	-10.0441	0.742934	-2.5204	9.61433	-9.96417	9.7	-10.05	0.998785	-1.99755
9.72511	-10.1695	0.750208	-2.51345	9.7457	-10.1502	9.75	-10.15	0.998775	-1.99754
9.74299	-10.2913	0.381912	-2.18962	9.77731	-10.3295	9.75	-10.3	0	-2.72851
9.76483	-10.4142	0.377828	-2.19983	9.76557	-10.4501	9.75	-10.45	0	-2.72849
9.79942	-10.6002	0.631449	-2.85744	9.89592	-10.7137	9.8	-10.6	0.909012	-2.72704
9.8351	-10.7575	0.636682	-2.85447	9.85066	-10.7537	9.85	-10.75	0.909012	-2.72703
9.82583	-10.899	0.161679	-2.66798	9.84397	-10.9287	9.85	-10.9	0	-3.00318
9.83563	-11.0339	0.165511	-2.67007	9.85693	-11.0512	9.85	-11.05	0	-3.00316
9.84672	-11.1625	0.302355	-2.76158	9.74773	-11.0482	9.85	-11.2	0	-3.00013
9.86193	-11.3037	0.291414	-2.77677	9.84407	-11.3565	9.85	-11.35	0	-3.00012
9.83119	-11.4868	-0.00628344	-3.17308	9.79495	-11.4686	9.85	-11.5	0	-2.99592
9.83138	-11.6459	-0.00413086	-3.17239	9.83943	-11.6467	9.85	-11.65	0	-2.99592
9.79146	-11.7361	-0.709528	-2.05166	9.76634	-11.6976	9.8	-11.75	-0.908731	-1.81746
9.75217	-11.8491	-0.711216	-2.05277	9.74774	-11.8511	9.75	-11.85	-0.908731	-1.81746
9.70442	-12.0132	-0.726165	-2.49674	9.7856	-12.1262	9.7	-12	-0.909591	-2.72875
9.66322	-12.1498	-0.73175	-2.49788	9.64482	-12.1455	9.65	-12.15	-0.909582	-2.72873
9.59411	-12.3102	-0.92411	-2.6928	9.57233	-12.2948	9.6	-12.3	-0.908879	-2.72667
9.54378	-12.4585	-0.921406	-2.69175	9.55167	-12.4583	9.55	-12.45	-0.908879	-2.72665
9.43465	-12.5602	-1.58884	-2.03604	9.37132	-12.4833	9.45	-12.55	-1.82006	-1.82006
9.34768	-12.6706	-1.58215	-2.02885	9.359	-12.6499	9.35	-12.65	-1.82005	-1.82005
9.21111	-12.7419	-2.20162	-1.53929	9.16109	-12.6848	9.2	-12.75	-3.00047	-2.00033
9.09718	-12.8186	-2.225	-1.55088	9.028	-12.8337	9.05	-12.85	-3.00048	-2.00033
8.93896	-12.8992	-2.50145	-1.49486	8.85918	-12.7953	8.95	-12.9	-1.81543	-0.907707
8.80338	-12.9813	-2.48608	-1.48669	8.84257	-12.9684	8.85	-12.95	-1.81542	-0.907708
8.68932	-13.052	-2.27451	-1.47395	8.66865	-13.0114	8.7	-13.05	-2.73134	-1.82089
8.56393	-13.1336	-2.27978	-1.47812	8.55319	-13.1445	8.55	-13.15	-2.73135	-1.82089
8.36447	-13.1265	-3.25367	-0.34125	8.27267	-12.996	8.4	-13.15	-2.99683	0
8.20482	-13.145	-3.23652	-0.336223	8.25965	-13.1488	8.25	-13.15	-2.9968	0
8.09476	-13.1687	-2.49059	-0.761825	8.04571	-13.0646	8.1	-13.2	-2.72707	-0.909028
7.95844	-13.2136	-2.49516	-0.7711	7.95841	-13.2508	7.95	-13.25	-2.72705	-0.90902
7.77834	-13.2517	-3.02358	-0.387072	7.866	-13.4154	7.8	-13.25	-2.7295	0
7.61253	-13.2714	-3.01622	-0.38008	7.62489	-13.249	7.65	-13.25	-2.7295	0
7.48446	-13.2666	-2.90101	-0.106877	7.50783	-13.2944	7.5	-13.25	-2.99994	0
7.33913	-13.2702	-2.89761	-0.101715	7.3419	-13.2474	7.35	-13.25	-2.99994	0
7.19469	-13.2116	-2.95788	0.693916	7.19781	-13.1973	7.2	-13.2	-2.72698	0.908995
7.03272	-13.1727	-2.95041	0.698517	7.04935	-13.1606	7.05	-13.15	-2.72695	0.908987
6.85223	-13.1446	-3.01828	0.492326	6.79473	-13.0433	6.85	-13.15	-3.63709	0
6.68508	-13.1202	-3.03514	0.47955	6.65123	-13.1604	6.65	-13.15	-3.63709	0
6.49318	-13.0947	-3.46966	0.746762	6.54115	-13.2079	6.5	-13.1	-3.0006	1.00018
6.32106	-13.0566	-3.45732	0.753042	6.35317	-13.0396	6.35	-13.05	-3.0006	1.00019
6.22823	-13.0585	-2.49016	-0.0543933	6.27012	-13.1139	6.25	-13.05	-1.81729	0
6.09369	-13.0612	-2.46996	-0.0465092	6.14459	-13.0471	6.15	-13.05	-1.81729	0
5.98085	-12.9458	-2.58482	1.46755	5.99498	-12.9442	6	-12.95	-2.72861	1.81906
5.83964	-12.8637	-2.57366	1.47478	5.86379	-12.8408	5.85	-12.85	-2.72861	1.81907
5.71298	-12.8093	-2.53727	1.27833	5.73761	-12.8672	5.7	-12.8	-2.99988	0.999964
5.58458	-12.745	-2.54856	1.27502	5.55118	-12.7486	5.55	-12.75	-2.99985	0.999954
5.44617	-12.7129	-2.57505	0.889571	5.45236	-12.7392	5.45	-12.7	-2.00001	1
5.31867	-12.6671	-2.56115	0.896877	5.35556	-12.6423	5.35	-12.65	-1.99998	0.999994
5.24714	-12.5536	-2.2347	1.72014	5.26451	-12.5511	5.25	-12.55	-1.99732	1.99733
5.13487	-12.4652	-2.23153	1.72572	5.13769	-12.4355	5.15	-12.45	-1.9973	1.9973
5.04529	-12.3761	-2.02475	1.80405	5.1317	-12.5744	5.05	-12.35	-1.8206	1.82059
4.93407	-12.2746	-2.01854	1.8112	4.94432	-12.2438	4.95	-12.25	-1.82058	1.82058
4.86085	-12.1102	-1.97623	2.82816	4.89215	-12.1623	4.85	-12.1	-1.9998	2.99969
4.76139	-11.9678	-1.979	2.82923	4.75047	-11.9578	4.75	-11.95	-1.9998	2.9997
4.6792	-11.8724	-1.66995	2.01789	4.6421	-11.7788	4.7	-11.85	-1.00002	2.00003
4.5971	-11.7707	-1.65564	2.02392	4.63967	-11.7513	4.65	-11.75	-1.00001	2.00002
4.55984	-11.6069	-1.4064	2.84122	4.58347	-11.632	4.6	-11.6	-0.998955	2.99688
4.49229	-11.4654	-1.38344	2.84709	4.56619	-11.4576	4.55	-11.45	-0.99896	2.99689
4.48504	-11.2875	-0.868501	3.11428	4.46846	-11.2092	4.5	-11.3	-1.00106	3.00319
4.44252	-11.133	-0.863821	3.11369	4.46017	-11.1425	4.45	-11.15	-1.00106	3.00319
4.41553	-11.0403	-0.512667	2.01283	4.43671	-11.0976	4.45	-11.05	0	1.8168
4.38974	-10.932	-0.497801	2.01186	4.43803	-10.9525	4.45	-10.95	0	1.81679
4.41492	-10.7617	-0.172385	2.79645	4.40556	-10.7068	4.45	-10.8	0	3.00139
4.4088	-10.6257	-0.160839	2.79281	4.45507	-10.6618	4.45	-10.65	0	3.00138
4.43457	-10.5337	0.261089	2.06462	4.44716	-10.5583	4.45	-10.55	0	2.00041
4.44797	-10.4314	0.261659	2.06308	4.45187	-10.4417	4.45	-10.45	0	2.00038
4.48078	-10.2867	0.382007	2.51719	4.45602	-10.2142	4.5	-10.3	0.999584	2.99875
4.50134	-10.1599	0.3978	2.52451	4.55349	-10.1343	4.55	-10.15	0.999574	2.99871
4.55165	-9.98823	0.57605	2.93479	4.56608	-10.005	4.55	-10	0	2.72717
4.58265	-9.82738	0.567931	2.93054	4.55922	-9.84124	4.55	-9.85	0	2.72714
4.6387	-9.69131	0.883869	2.49302	4.62339	-9.6559	4.65	-9.7	1.8193	2.72895
4.68917	-9.55406	0.901833	2.50032	4.7439	-9.53522	4.75	-9.55	1.81929	2.72894
4.78141	-9.36246	1.25206	3.16945	4.74852	-9.27389	4.8	-9.4	1.00006	3.00019
4.84486	-9.20654	1.25045	3.16341	4.8446	-9.24095	4.85	-9.25	1.00005	3.00015
4.94325	-9.12436	1.76951	2.12175	4.98605	-9.20516	4.95	-9.15	2.00004	2.00005
5.03166	-9.0189	1.76665	2.11916	5.02283	-9.03066	5.05	-9.05	2.00004	2.00004
5.08281	-8.8759	1.22127	2.83185	5.12819	-8.95913	5.1	-8.9	0.999704	2.99911
5.1437	-8.73397	1.22075	2.83226	5.14109	-8.73073	5.15	-8.75	0.999689	2.99907
5.24344	-8.65564	1.66871	1.89272	5.33883	-8.81618	5.25	-8.65	1.81848	1.81849
5.33683	-8.55331	1.67575	1.89157	5.36408	-8.56805	5.35	-8.55	1.81846	1.81846
5.4309	-8.38859	1.64637	2.68035	5.38848	-8.31037	5.45	-8.4	2.00068	3.00103
5.51418	-8.2551	1.65259	2.68244	5.53874	-8.25196	5.55	-8.25	2.00066	3.00099
5.63288	-8.14705	2.20411	2.11151	5.56632	-8.04704	5.65	-8.15	1.99952	1.99953
5.74351	-8.04215	2.20423	2.10988	5.7459	-8.05196	5.75	-8.05	1.9995	1.9995
5.80291	-7.93223	1.64258	2.29736	5.78426	-7.91676	5.8	-7.95	0.999944	1.99989
5.88519	-7.82019	1.63122	2.28379	5.84978	-7.88144	5.85	-7.85	0.999939	1.99988
5.9561	-7.73481	1.63572	1.89416	5.92249	-7.69769	5.95	-7.75	1.99772	1.99772
6.03827	-7.64047	1.63586	1.893	6.04031	-7.64732	6.05	-7.65	1.99771	1.9977
6.14977	-7.5359	1.8604	1.8564	6.16773	-7.55437	6.15	-7.55	1.8199	1.8199
6.25185	-7.43466	1.85585	1.85137	6.23866	-7.45306	6.25	-7.45	1.8199	1.81991
6.38787	-7.33936	2.49723	1.56744	6.25322	-7.17734	6.4	-7.35	2.99605	1.99736
6.51457	-7.26141	2.50694	1.57246	6.55461	-7.24907	6.55	-7.25	2.99605	1.99736
6.64366	-7.19594	2.43531	1.38329	6.67172	-7.23041	6.65	-7.2	1.8206	0.910303
6.77678	-7.12113	2.42543	1.37293	6.74664	-7.15616	6.75	-7.15	1.8206	0.910298
6.84291	-7.03564	1.7804	1.68423	6.79888	-6.99594	6.85	-7.05	1.99848	1.99848
6.93337	-6.95246	1.7844	1.68386	6.95342	-6.96092	6.95	-6.95	1.99846	1.99846
7.0935	-6.86762	2.45554	1.49499	7.17955	-6.9446	7.1	-6.85	2.72688	1.81792
7.22814	-6.78281	2.46446	1.51026	7.24929	-6.7261	7.25	-6.75	2.72688	1.81792
7.35164	-6.65817	2.11057	2.09787	7.42782	-6.72337	7.35	-6.65	1.81821	1.81821
7.46761	-6.54296	2.10915	2.09618	7.46332	-6.54842	7.45	-6.55	1.81821	1.81821
7.55535	-6.50409	2.00493	1.31903	7.54452	-6.5069	7.55	-6.5	1.81726	0.908632
7.66587	-6.43288	1.9999	1.31003	7.65373	-6.46481	7.65	-6.45	1.81726	0.908632
7.80616	-6.40464	2.42416	0.800736	7.8635	-6.45394	7.8	-6.4	2.72951	0.909839
7.93909	-6.35989	2.42578	0.804865	7.94162	-6.34466	7.95	-6.35	2.72948	0.909826
8.03308	-6.23568	2.02036	1.66164	7.89525	-6.11857	8.05	-6.25	2.00047	2.00048
8.13319	-6.15193	2.01881	1.66276	8.12355	-6.14389	8.15	-6.15	2.00048	2.00048
8.28691	-6.04381	2.4886	1.73703	8.31422	-6.05705	8.3	-6.05	2.72702	1.81801
8.4263	-5.9501	2.49346	1.73358	8.45315	-5.97158	8.45	-5.95	2.727	1.818
8.52422	-5.89173	2.22255	1.51685	8.53167	-5.90349	8.55	-5.9	2.00127	1.00064
8.63617	-5.81688	2.22274	1.51325	8.64207	-5.83392	8.65	-5.85	2.00128	1.00064
8.78221	-5.75465	2.59674	1.35249	8.88764	-5.82241	8.8	-5.75	2.99963	1.99976
8.91301	-5.68602	2.60502	1.36446	8.94256	-5.64534	8.95	-5.65	2.99961	1.99974
9.0526	-5.5552	2.35245	2.11311	9.21669	-5.64514	9.05	-5.55	1.99699	1.997
9.16936	-5.44913	2.34912	2.11106	9.15342	-5.45253	9.15	-5.45	1.997	1.99701
9.26215	-5.34639	2.00929	2.01226	9.16723	-5.29709	9.25	-5.35	1.8166	1.81659
9.37111	-5.23512	2.00427	2.01018	9.34852	-5.23619	9.35	-5.25	1.8166	1.81659
9.46034	-5.13856	1.84811	1.88228	9.39027	-5.1041	9.45	-5.15	1.8222	1.82219
9.56062	-5.03533	1.84332	1.87737	9.54207	-5.04728	9.55	-5.05	1.82219	1.82219
9.64686	-5.02084	1.98341	1.09691	9.62802	-5.02338	9.65	-5	1.99604	0.998028
9.74599	-4.96508	1.98544	1.10302	9.75	-4.94288	9.75	-4.95	1.99605	0.998028
9.84425	-4.85162	1.65667	1.66728	9.88102	-4.86216	9.85	-4.85	1.81895	1.81894
9.93609	-4.76025	1.65841	1.66728	9.94502	-4.76247	9.95	-4.75	1.81894	1.81894
10.0362	-4.61496	1.6101	2.1718	10.0747	-4.62454	10.05	-4.6	1.81966	2.72951
10.1249	-4.49418	1.61543	2.18544	10.1384	-4.4533	10.15	-4.45	1.81965	2.72948
10.2288	-4.35522	1.84525	2.29604	10.1743	-4.32841	10.25	-4.35	1.81908	1.81907
10.3322	-4.23054	1.8471	2.2882	10.3492	-4.25956	10.35	-4.25	1.81908	1.81907
10.4334	-4.11021	1.80366	2.38758	10.56	-4.15868	10.45	-4.1	2.00061	3.0009
10.5254	-3.99034	1.81059	2.39802	10.5557	-3.96034	10.55	-3.95	2.0006	3.0009
10.6584	-3.85457	2.24692	2.50555	10.7738	-3.89129	10.65	-3.85	1.99963	1.99964
10.7687	-3.72942	2.24095	2.49835	10.7394	-3.74821	10.75	-3.75	1.99962	1.99962
10.7965	-3.59022	1.01506	2.79048	10.7674	-3.58281	10.8	-3.6	0.999844	2.99952
10.848	-3.45033	1.01772	2.79558	10.8596	-3.4348	10.85	-3.45	0.999834	2.99949
10.9541	-3.35371	1.90706	2.30082	10.9601	-3.36033	10.95	-3.35	2.00065	2.00064
11.0497	-3.23913	1.90666	2.29736	11.0504	-3.25128	11.05	-3.25	2.00064	2.00064
11.0803	-3.09231	0.953154	2.67867	11.0282	-3.07488	11.1	-3.1	0.998546	2.99563
11.13	-2.95807	0.958125	2.6842	11.1569	-2.944	11.15	-2.95	0.998526	2.9956
11.132	-2.78927	0.167226	2.95532	11.1386	-2.78926	11.15	-2.8	0	2.73104
11.1414	-2.62779	0.166216	2.94758	11.141	-2.65084	11.15	-2.65	0	2.73102
11.1324	-2.53859	0.0463687	2.34089	11.1042	-2.54354	11.15	-2.55	0	1.81785
11.1367	-2.41168	0.0470411	2.32543	11.1497	-2.45904	11.15	-2.45	0	1.81785
11.2355	-2.27627	1.49691	2.35208	11.1658	-2.25651	11.25	-2.25	1.99733	3.99465
11.3133	-2.15567	1.50743	2.38527	11.3591	-2.05184	11.35	-2.05	1.99733	3.99465
11.3336	-1.93755	0.513578	3.18972	11.3117	-1.92025	11.35	-1.95	0	1.81854
11.3617	-1.76557	0.508637	3.15477	11.3504	-1.8663	11.35	-1.85	0	1.81853
11.3654	-1.67958	0.183701	2.45487	11.4185	-1.70062	11.35	-1.7	0	2.72762
11.3739	-1.54403	0.180896	2.45841	11.3568	-1.53205	11.35	-1.55	0	2.72762
11.3116	-1.39218	-0.803644	2.6427	11.2541	-1.38373	11.3	-1.4	-0.908846	2.72653
11.2653	-1.24651	-0.807611	2.64338	11.2429	-1.24238	11.25	-1.25	-0.908846	2.72653
11.1655	-1.09635	-1.50086	2.70655	11.0754	-1.08747	11.15	-1.1	-1.82014	2.73021
11.0805	-0.946857	-1.50522	2.71257	11.0544	-0.927069	11.05	-0.949999	-1.82013	2.73021
11.0126	-0.799505	-1.29575	2.79963	10.9247	-0.791253	11	-0.799999	-1.00036	3.00107
10.9474	-0.659024	-1.29617	2.80507	10.9434	-0.640459	10.95	-0.65	-1.00035	3.00104
10.8272	-0.495023	-2.00326	3.01743	10.7146	-0.485949	10.85	-0.5	-2.00003	3.00006
10.7287	-0.344676	-2.00061	3.01264	10.7471	-0.362528	10.75	-0.35	-2.00002	3.00003
10.6328	-0.287396	-1.82194	2.08746	10.6895	-0.304531	10.65	-0.3	-1.81779	0.908892
10.5338	-0.175388	-1.82006	2.05736	10.547	-0.266677	10.55	-0.25	-1.81778	0.908893
10.3879	-0.14323	-2.75729	1.46089	10.5032	-0.154501	10.4	-0.15	-3.00061	2.00041
10.2499	-0.0696069	-2.75746	1.46726	10.2485	-0.0475524	10.25	-0.0499992	-3.0006	2.00041
10.1565	-0.0625722	-2.0488	0.887279	10.1407	-0.0721585	10.15	-0.0499992	-1.99645	0
10.0521	-0.0189641	-2.05195	0.877935	10.0313	-0.0518611	10.05	-0.0499992	-1.99644	0
9.921	0.00175206	-2.53851	0.639927	10.0898	-0.00166396	9.9	9.49949e-07	-2.73175	0.910584
9.7788	0.0371512	-2.54402	0.642785	9.74695	0.0464954	9.75	0.0500011	-2.73174	0.910584
9.61388	0.0824041	-2.96597	0.755427	9.50401	0.0833188	9.6	0.100001	-2.99544	0.998471
9.46481	0.120904	-2.96699	0.76311	9.45825	0.149456	9.45	0.15	-2.99545	0.998471
9.35241	0.163966	-2.04991	0.780438	9.22819	0.16178	9.35	0.15	-1.81963	0
9.24007	0.205175	-2.04898	0.760752	9.24456	0.139817	9.25	0.15	-1.81962	0
9.08311	0.210185	-2.84363	0.457336	9.0729	0.205961	9.1	0.2	-3.00059	1.0002
8.94274	0.233469	-2.84062	0.461887	8.96281	0.250937	8.95	0.25	-3.0006	1.0002
8.79997	0.256415	-2.90277	0.459077	8.84168	0.257617	8.8	0.25	-2.99995	0
8.65486	0.278659	-2.90249	0.450649	8.65606	0.24536	8.65	0.25	-2.99994	0
8.50719	0.255257	-2.85328	0.0282576	8.43549	0.247188	8.5	0.25	-2.99323	0
8.36244	0.256516	-2.85634	0.0268906	8.34184	0.250769	8.35	0.25	-2.9932	0
8.22434	0.244073	-2.63059	-0.0999608	8.27073	0.243988	8.2	0.25	-2.73233	0
8.07664	0.239005	-2.63726	-0.0937663	8.03847	0.260731	8.05	0.25	-2.73234	0
7.93649	0.206108	-2.81542	-0.358618	7.98053	0.204587	7.9	0.2	-3.00234	-1.00078
7.7908	0.187372	-2.82408	-0.36742	7.73327	0.149199	7.75	0.15	-3.00231	-1.00077
7.62079	0.149304	-3.06803	-0.553863	7.46173	0.143776	7.6	0.15	-2.99599	0
7.46622	0.122035	-3.06982	-0.54763	7.45455	0.149294	7.45	0.15	-2.99596	0
7.37059	0.0948027	-1.96916	-0.514714	7.37986	0.0951006	7.35	0.100001	-1.81801	-0.908998
7.26266	0.06627	-1.96837	-0.517672	7.26713	0.055036	7.25	0.0500011	-1.81801	-0.908998
7.1223	-0.040415	-2.661	-1.25353	7.32548	-0.0461763	7.1	-0.0499995	-2.72495	-1.81664
6.97218	-0.109847	-2.66824	-1.25928	6.93127	-0.133333	6.95	-0.15	-2.72492	-1.81662
6.94068	-0.255819	-1.16048	-2.00159	7.09668	-0.264116	6.9	-0.25	-0.910634	-1.82126
6.87448	-0.365195	-1.16508	-1.99545	6.84796	-0.34284	6.85	-0.35	-0.910622	-1.82124
6.6953	-0.454104	-2.87616	-1.85185	6.64638	-0.45061	6.7	-0.45	-2.99641	-1.99759
6.55098	-0.546634	-2.87661	-1.84969	6.54772	-0.536719	6.55	-0.549999	-2.99637	-1.99757
6.4947	-0.713768	-1.31167	-2.55889	6.50462	-0.718	6.5	-0.7	-0.909955	-2.72986
6.4252	-0.854589	-1.30662	-2.55869	6.45451	-0.851695	6.45	-0.85	-0.909955	-2.72986
6.38953	-0.993544	-0.90769	-2.68416	6.42547	-0.999512	6.4	-1	-0.999224	-2.99766
6.34539	-1.12856	-0.9065	-2.69147	6.3554	-1.1624	6.35	-1.15	-0.99921	-2.99763
6.26974	-1.30189	-1.10349	-2.95052	6.14523	-1.27904	6.3	-1.3	-0.908722	-2.72618
6.21051	-1.46433	-1.10003	-2.94828	6.2299	-1.45381	6.25	-1.45	-0.908718	-2.72616
6.2789	-1.58614	0.588632	-2.66287	6.37158	-1.60661	6.3	-1.6	0.910485	-2.73144
6.31418	-1.73335	0.593645	-2.66751	6.34473	-1.75136	6.35	-1.75	0.910481	-2.73144
6.31556	-1.88079	0.179668	-2.76585	6.34	-1.88987	6.35	-1.9	0	-2.99515
6.32748	-2.02036	0.18397	-2.77002	6.35828	-2.03886	6.35	-2.05	0	-2.99515
6.33497	-2.19332	0.0361516	-2.93642	6.45002	-2.23466	6.35	-2.2	0	-2.72856
6.33693	-2.35447	0.0371415	-2.933	6.34057	-2.34076	6.35	-2.35	0	-2.72854
6.39803	-2.52358	0.748855	-3.06585	6.4979	-2.56206	6.4	-2.5	0.908227	-2.7247
6.43928	-2.69149	0.752465	-3.05545	6.45265	-2.65056	6.45	-2.65	0.908223	-2.72467
6.43958	-2.8023	0.0579218	-2.37862	6.46538	-2.81029	6.45	-2.8	0	-2.72732
6.44402	-2.9337	0.0601939	-2.38005	6.45762	-2.94003	6.45	-2.95	0	-2.7273
6.48046	-3.13898	0.799365	-3.28947	6.36717	-3.08903	6.5	-3.15	0.909078	-3.6363
6.52629	-3.32103	0.801857	-3.29379	6.54349	-3.33906	6.55	-3.35	0.90907	-3.63626
6.56983	-3.49468	0.685423	-3.16727	6.6454	-3.53435	6.6	-3.5	0.910038	-2.7301
6.61093	-3.67011	0.693827	-3.16655	6.65608	-3.67065	6.65	-3.65	0.910033	-2.7301
6.66821	-3.80088	0.804159	-2.72123	6.70981	-3.81998	6.7	-3.8	0.908095	-2.7243
6.7149	-3.95192	0.809487	-2.72224	6.74422	-3.95901	6.75	-3.95	0.908091	-2.72428
6.75799	-4.07548	0.775389	-2.46834	6.72525	-4.05329	6.8	-4.1	0.910949	-2.73284
6.80434	-4.21373	0.780115	-2.47756	6.83817	-4.25449	6.85	-4.25	0.910945	-2.73284
6.84056	-4.3144	0.65954	-2.19968	6.86491	-4.32753	6.9	-4.35	0.999834	-1.99968
6.87923	-4.42771	0.670337	-2.20332	6.94879	-4.45387	6.95	-4.45	0.999829	-1.99966
6.97783	-4.56887	1.61077	-2.70746	6.99339	-4.57763	7.05	-4.6	1.99653	-2.99479
7.06555	-4.70927	1.62158	-2.71724	7.14339	-4.76622	7.15	-4.75	1.99653	-2.99479
7.12319	-4.80024	1.19246	-2.15571	7.11889	-4.79341	7.2	-4.85	1.00098	-2.00196
7.18848	-4.91158	1.20308	-2.16076	7.25883	-4.94719	7.25	-4.95	1.00097	-2.00194
7.24281	-5.05871	1.07328	-2.40638	7.28536	-5.09276	7.3	-5.1	0.90969	-2.72906
7.30571	-5.19451	1.07703	-2.41877	7.33925	-5.24908	7.35	-5.25	0.909677	-2.72904
7.40468	-5.35524	1.84057	-3.03442	7.33914	-5.30864	7.45	-5.4	1.99976	-2.99964
7.50119	-5.51043	1.84723	-3.04201	7.5499	-5.55354	7.55	-5.55	1.99976	-2.99964
7.54939	-5.61512	1.08287	-2.34163	7.59167	-5.64447	7.6	-5.65	1.00038	-2.00076
7.60598	-5.73334	1.0901	-2.33974	7.64483	-5.73357	7.65	-5.75	1.00037	-2.00074
7.70281	-5.86847	1.66297	-2.58229	7.6402	-5.81769	7.75	-5.9	1.81659	-2.7249
7.79842	-6.01382	1.67048	-2.58926	7.84396	-6.051	7.85	-6.05	1.81659	-2.7249
7.85477	-6.10799	1.0242	-1.90836	7.91394	-6.15143	7.9	-6.15	0.909251	-1.81851
7.91474	-6.21624	1.02919	-1.91764	7.95018	-6.25957	7.95	-6.25	0.909247	-1.81849
8.02765	-6.3268	1.64639	-2.06667	8.10134	-6.38026	8.05	-6.35	1.81576	-1.81577
8.12132	-6.44258	1.65397	-2.06829	8.15891	-6.45832	8.15	-6.45	1.81577	-1.81577
8.24219	-6.57692	1.95864	-2.28471	8.3424	-6.65648	8.25	-6.6	1.8218	-2.73269
8.34979	-6.70414	1.95133	-2.29755	8.33273	-6.74641	8.35	-6.75	1.8218	-2.73269
8.38712	-6.8808	1.15385	-2.54945	8.46635	-6.96022	8.4	-6.9	0.907987	-2.72401
8.4507	-7.02197	1.15078	-2.55476	8.44383	-7.03914	8.45	-7.05	0.907988	-2.72398
8.49531	-7.19474	0.972305	-2.80569	8.53661	-7.23635	8.5	-7.2	0.910054	-2.73014
8.5498	-7.35018	0.972626	-2.81014	8.55761	-7.36836	8.55	-7.35	0.910046	-2.73012
8.6497	-7.45452	1.41799	-2.51801	8.70486	-7.48959	8.65	-7.45	1.99827	-1.99828
8.72214	-7.58015	1.42744	-2.50933	8.7565	-7.55536	8.75	-7.55	1.99828	-1.99828
8.7913	-7.70832	1.33701	-2.41598	8.74707	-7.66927	8.8	-7.7	0.909061	-2.72717
8.86426	-7.84154	1.33242	-2.42061	8.85031	-7.85391	8.85	-7.85	0.909053	-2.72715
8.91279	-7.98791	1.11413	-2.51444	8.88546	-7.96913	8.9	-8	0.908945	-2.72688
8.97358	-8.1278	1.10487	-2.52668	8.95085	-8.16397	8.95	-8.15	0.908953	-2.72687
9.04519	-8.25131	1.19668	-2.40588	9.03618	-8.239	9.05	-8.25	1.82026	-1.82027
9.11258	-8.38242	1.2102	-2.39252	9.15149	-8.34807	9.15	-8.35	1.82025	-1.82026
9.20051	-8.50111	1.60524	-2.54266	9.14011	-8.44049	9.2	-8.5	0.999884	-2.99963
9.27827	-8.62821	1.59177	-2.55253	9.22902	-8.65053	9.25	-8.65	0.999874	-2.9996
9.31139	-8.7784	1.20387	-2.72774	9.23666	-8.722	9.3	-8.8	0.999284	-2.99783
9.37206	-8.91675	1.19872	-2.73713	9.36398	-8.95164	9.35	-8.95	0.999284	-2.99784
9.39751	-9.05486	0.574037	-2.34949	9.47823	-9.13791	9.4	-9.05	0.909209	-1.81844
9.42898	-9.18265	0.578939	-2.34148	9.43696	-9.1575	9.45	-9.15	0.90921	-1.81843
9.48616	-9.31501	0.928406	-2.51656	9.44585	-9.27158	9.5	-9.3	0.908483	-2.72543
9.53732	-9.45346	0.928999	-2.51596	9.53884	-9.45193	9.55	-9.45	0.908475	-2.72542
9.60463	-9.60064	1.04017	-2.57041	9.6872	-9.68187	9.6	-9.6	0.909756	-2.72927
9.66283	-9.74315	1.04135	-2.57361	9.67284	-9.75791	9.65	-9.75	0.909739	-2.72923
9.71997	-9.91598	1.06524	-2.90351	9.86489	-10.0711	9.7	-9.9	0.998626	-2.99586
9.77143	-10.0599	1.06039	-2.90262	9.74713	-10.0467	9.75	-10.05	0.998616	-2.99584
9.77032	-10.2	0.334125	-2.47228	9.75497	-10.1932	9.75	-10.2	0	-2.72857
9.78668	-10.3368	0.319407	-2.48431	9.74697	-10.3629	9.75	-10.35	0	-2.72854
9.81958	-10.4926	0.611201	-2.81719	9.77249	-10.4428	9.8	-10.5	0.909773	-2.7293
9.85372	-10.6475	0.614038	-2.81576	9.86261	-10.6462	9.85	-10.65	0.909773	-2.7293
9.84768	-10.7932	0.125037	-2.5424	9.86786	-10.8223	9.85	-10.8	0	-2.72846
9.85415	-10.9333	0.121425	-2.54563	9.8455	-10.9408	9.85	-10.95	0	-2.72844
9.84827	-11.0932	0.0555365	-2.72753	9.84594	-11.0973	9.85	-11.1	0	-2.72748
9.85043	-11.2432	0.0502129	-2.73078	9.83549	-11.2481	9.85	-11.25	0	-2.72745
9.84921	-11.4063	0.0445418	-2.95812	9.8926	-11.463	9.85	-11.4	0	-2.9967
9.85291	-11.5557	0.0481631	-2.95948	9.87136	-11.5692	9.85	-11.55	0	-2.99671
9.83342	-11.6958	-0.356693	-2.50688	9.89882	-11.7746	9.8	-11.7	-0.909227	-2.72768
9.81024	-11.8344	-0.380674	-2.52274	9.74749	-11.8623	9.75	-11.85	-0.909218	-2.72765
9.74813	-11.9904	-0.763851	-2.5547	9.75738	-12.0161	9.7	-12	-0.908714	-2.72613
9.70325	-12.1315	-0.782887	-2.56662	9.65408	-12.1513	9.65	-12.15	-0.908706	-2.7261
9.62053	-12.2566	-1.22386	-2.26007	9.60373	-12.2428	9.6	-12.25	-0.909639	-1.81931
9.55164	-12.3773	-1.22212	-2.24969	9.54006	-12.3354	9.55	-12.35	-0.90964	-1.8193
9.45554	-12.4516	-1.59549	-1.67317	9.38815	-12.3607	9.45	-12.45	-1.81824	-1.81825
9.36663	-12.5429	-1.60032	-1.67376	9.35049	-12.5377	9.35	-12.55	-1.81823	-1.81823
9.22471	-12.6638	-2.18628	-1.63014	9.33568	-12.8372	9.2	-12.65	-2.72578	-1.81718
9.10087	-12.7525	-2.2053	-1.63714	9.04708	-12.7528	9.05	-12.75	-2.72576	-1.81717
8.99427	-12.8447	-2.03138	-1.74866	8.97697	-12.8161	8.95	-12.85	-1.8192	-1.81921
8.88061	-12.9404	-2.0428	-1.75311	8.84904	-12.9423	8.85	-12.95	-1.81921	-1.81921
8.718	-13.0394	-2.43913	-1.73101	8.64934	-12.9537	8.7	-13.05	-2.72781	-1.81854
8.58199	-13.1351	-2.45325	-1.73899	8.5479	-13.1496	8.55	-13.15	-2.7278	-1.81853
8.37888	-13.1656	-3.38478	-0.588299	8.43462	-13.263	8.4	-13.15	-2.72644	0
8.19581	-13.1954	-3.35512	-0.568317	8.26001	-13.1483	8.25	-13.15	-2.72641	0
8.09259	-13.1661	-2.92085	-0.065937	8.10139	-13.1447	8.1	-13.15	-3.00083	0
7.94667	-13.1687	-2.91824	-0.0633355	7.95138	-13.1593	7.95	-13.15	-3.00084	0
7.81437	-13.2095	-2.57226	-0.570374	7.85182	-13.2702	7.8	-13.2	-2.72553	-0.908516
7.6714	-13.2422	-2.58626	-0.579544	7.64076	-13.2654	7.65	-13.25	-2.72554	-0.908516
7.47856	-13.2195	-3.26597	0.362593	7.51359	-13.2891	7.5	-13.2	-2.72544	0.908483
7.30117	-13.1961	-3.23855	0.382076	7.35762	-13.1417	7.35	-13.15	-2.72544	0.908483
7.17678	-13.1842	-2.7396	0.128276	7.19553	-13.2012	7.2	-13.15	-2.73035	0
7.0274	-13.176	-2.72787	0.135686	7.05296	-13.1563	7.05	-13.15	-2.73035	0
6.85543	-13.1629	-2.97136	0.329439	6.87644	-13.2105	6.85	-13.15	-3.63616	0
6.69079	-13.1438	-2.97755	0.329258	6.672	-13.1364	6.65	-13.15	-3.63617	0
6.55083	-13.1602	-2.65034	-0.224198	6.53838	-13.1322	6.55	-13.15	-1.81656	0
6.40807	-13.1724	-2.62614	-0.215072	6.46904	-13.1587	6.45	-13.15	-1.81657	0
6.2665	-13.1102	-2.7488	0.641866	6.22921	-13.0167	6.3	-13.1	-2.73109	0.910352
6.11697	-13.0723	-2.72978	0.654694	6.15723	-13.0319	6.15	-13.05	-2.73109	0.91036
5.97834	-12.9467	-2.8236	1.72772	5.95573	-12.8757	6	-12.95	-2.72331	1.81553
5.82439	-12.8514	-2.81059	1.73267	5.85711	-12.8423	5.85	-12.85	-2.72331	1.81554
5.69965	-12.8018	-2.48022	1.15136	5.73901	-12.8863	5.7	-12.8	-2.72842	0.909475
5.56319	-12.7398	-2.48441	1.14727	5.5559	-12.7556	5.55	-12.75	-2.72839	0.909466
5.40047	-12.6495	-2.80759	1.64072	5.41889	-12.699	5.4	-12.65	-2.731	1.82067
5.24561	-12.5582	-2.8098	1.64247	5.23681	-12.5467	5.25	-12.55	-2.731	1.82066
5.14231	-12.458	-2.41073	1.70677	5.16911	-12.5003	5.15	-12.45	-1.81821	1.8182
5.01143	-12.3641	-2.39602	1.7117	5.04959	-12.3548	5.05	-12.35	-1.8182	1.8182
4.95065	-12.2607	-1.96544	1.93373	4.99996	-12.3538	4.95	-12.25	-1.99957	1.99957
4.85272	-12.1626	-1.95845	1.93871	4.86969	-12.1416	4.85	-12.15	-1.99954	1.99955
4.83027	-12.0595	-1.28935	1.81891	4.83937	-12.0439	4.8	-12.05	-0.999954	1.99993
4.76555	-11.9661	-1.28482	1.82498	4.77326	-11.9345	4.75	-11.95	-0.999959	1.99992
4.64477	-11.8091	-1.88907	2.73441	4.5839	-11.6711	4.65	-11.8	-2.0002	3.00031
4.54936	-11.6694	-1.88916	2.74016	4.54148	-11.6336	4.55	-11.65	-2.0002	3.0003
4.53156	-11.5743	-1.07898	1.92987	4.53697	-11.5591	4.55	-11.55	0	1.99749
4.48005	-11.4772	-1.05571	1.93811	4.55238	-11.4548	4.55	-11.45	0	1.99746
4.47328	-11.2482	-0.871996	3.50704	4.47604	-11.2089	4.5	-11.25	-0.90916	3.63662
4.42657	-11.0557	-0.861856	3.50937	4.45629	-11.0538	4.45	-11.05	-0.909152	3.63659
4.42817	-10.9635	-0.154243	1.92247	4.39651	-10.8822	4.45	-10.95	0	1.81807
4.42143	-10.859	-0.142143	1.92338	4.45899	-10.8664	4.45	-10.85	0	1.81808
4.45035	-10.7055	0.0422791	2.59079	4.493	-10.7885	4.45	-10.7	0	2.72865
4.45203	-10.5622	0.0389423	2.59163	4.44058	-10.5544	4.45	-10.55	0	2.72864
4.45395	-10.4176	0.0447648	2.58888	4.44399	-10.3941	4.45	-10.4	0	2.72392
4.45526	-10.2726	0.041584	2.59317	4.44086	-10.2469	4.45	-10.25	0	2.72391
4.50199	-10.1273	0.418054	2.5964	4.53203	-10.1814	4.5	-10.1	0.909624	2.72885
4.52517	-9.98218	0.427344	2.60492	4.54793	-9.94716	4.55	-9.95	0.909615	2.72884
4.61295	-9.81085	1.02279	2.70186	4.57622	-9.70974	4.6	-9.8	0.909111	2.72733
4.66766	-9.65996	1.0164	2.70457	4.64364	-9.63888	4.65	-9.65	0.909107	2.72732
4.74773	-9.51764	1.24468	2.60193	4.76627	-9.54952	4.75	-9.5	1.81921	2.7288
4.81653	-9.37457	1.24832	2.60348	4.82761	-9.37054	4.85	-9.35	1.81921	2.7288
4.9049	-9.20406	1.3858	2.885	4.89701	-9.18082	4.9	-9.2	0.908739	2.72622
4.97938	-9.04407	1.37461	2.88314	4.94177	-9.04086	4.95	-9.05	0.908743	2.72623
5.04211	-8.96761	1.39378	1.95774	5.09012	-9.06486	5.05	-8.95	1.8169	1.81688
5.1193	-8.85924	1.40033	1.96209	5.1385	-8.8446	5.15	-8.85	1.81688	1.81688
5.23986	-8.69895	1.74407	2.44885	5.21345	-8.63875	5.25	-8.7	1.8201	2.73014
5.33537	-8.56328	1.74583	2.45239	5.33853	-8.54729	5.35	-8.55	1.82008	2.73013
5.40063	-8.45044	1.5368	2.17865	5.35874	-8.39385	5.4	-8.45	0.910244	1.82049
5.48481	-8.33219	1.5288	2.17111	5.46213	-8.36055	5.45	-8.35	0.910249	1.8205
5.55334	-8.2113	1.30779	2.50504	5.63723	-8.3352	5.55	-8.2	1.99657	2.99484
5.61899	-8.0847	1.31389	2.51093	5.63863	-8.05978	5.65	-8.05	1.99657	2.99485
5.7627	-7.94744	2.18739	2.15033	5.69655	-7.84304	5.75	-7.95	1.81871	1.81872
5.88173	-7.82955	2.17578	2.14286	5.84353	-7.85177	5.85	-7.85	1.81871	1.81871
5.98824	-7.74206	2.1589	1.7527	5.9537	-7.7033	6	-7.75	2.72961	1.81974
6.1092	-7.64784	2.16762	1.75205	6.14453	-7.66253	6.15	-7.65	2.72961	1.81974
6.23697	-7.52651	2.25352	2.15262	6.27	-7.55894	6.25	-7.55	1.9992	1.9992
6.34982	-7.41985	2.2498	2.14759	6.3386	-7.44193	6.35	-7.45	1.99918	1.99918
6.4479	-7.3252	2.03061	1.93669	6.44365	-7.32743	6.45	-7.35	1.81911	1.81911
6.56007	-7.22066	2.0257	1.92769	6.54947	-7.257	6.55	-7.25	1.81909	1.81909
6.65218	-7.15568	1.93303	1.66563	6.71635	-7.22979	6.65	-7.15	1.99996	1.99996
6.74786	-7.07032	1.93605	1.67362	6.7522	-7.03215	6.75	-7.05	1.99996	1.99996
6.85785	-7.00672	2.20984	1.33146	6.81357	-6.96259	6.85	-7	1.99752	0.998765
6.96743	-6.93933	2.20632	1.33104	6.95051	-6.93564	6.95	-6.95	1.99752	0.998765
7.08966	-6.84858	2.26851	1.43193	7.00414	-6.76319	7.1	-6.85	2.73035	1.82023
7.21621	-6.77031	2.27918	1.43839	7.25571	-6.75585	7.25	-6.75	2.73035	1.82023
7.33729	-6.64641	2.27819	1.95371	7.28718	-6.59248	7.35	-6.65	2.0006	2.0006
7.44996	-6.54815	2.27372	1.95211	7.42947	-6.54884	7.45	-6.55	2.00058	2.00058
7.55763	-6.50318	2.32294	1.39485	7.58756	-6.53752	7.55	-6.5	1.99841	0.999204
7.67293	-6.43327	2.31809	1.39125	7.65263	-6.44325	7.65	-6.45	1.99838	0.999195
7.8176	-6.4001	2.83047	0.85663	7.78988	-6.37954	7.8	-6.4	2.99952	0.999844
7.95857	-6.35642	2.83109	0.860118	7.95705	-6.33998	7.95	-6.35	2.99949	0.999829
8.05189	-6.25875	1.78417	1.69157	8.1289	-6.31809	8.05	-6.25	1.81603	1.81603
8.14966	-6.16453	1.7862	1.69757	8.15184	-6.14215	8.15	-6.15	1.81603	1.81603
8.25127	-6.04362	1.89416	1.87192	8.12981	-5.95044	8.25	-6.05	1.81921	1.81921
8.35526	-5.94111	1.89181	1.86828	8.34844	-5.95288	8.35	-5.95	1.81921	1.81921
8.5053	-5.90028	2.69929	1.04932	8.45627	-5.87026	8.5	-5.9	2.729	0.909673
8.65297	-5.84213	2.69791	1.05021	8.64546	-5.83668	8.65	-5.85	2.72898	0.909661
8.78573	-5.75261	2.53927	1.33534	8.68227	-5.68169	8.8	-5.75	2.72771	1.81848
8.9267	-5.67898	2.54624	1.34252	8.95179	-5.66017	8.95	-5.65	2.72772	1.81848
9.03258	-5.55198	2.16125	1.98102	8.99196	-5.51961	9.05	-5.55	1.99939	1.9994
9.14148	-5.45322	2.16337	1.98173	9.15234	-5.45358	9.15	-5.45	1.9994	1.9994
9.2421	-5.39845	2.05315	1.49072	9.25593	-5.41629	9.25	-5.4	1.81776	0.90888
9.35489	-5.3171	2.04996	1.48448	9.3462	-5.33648	9.35	-5.35	1.81776	0.908875
9.41323	-5.19208	1.28703	2.01555	9.35852	-5.15981	9.45	-5.2	1.81545	2.72317
9.48906	-5.08226	1.30237	2.02382	9.55586	-5.07162	9.55	-5.05	1.81542	2.72314
9.62115	-4.9291	2.02682	2.26638	9.60543	-4.91132	9.65	-4.95	1.82145	1.82147
9.73461	-4.80648	2.02864	2.25826	9.75218	-4.8384	9.75	-4.85	1.82146	1.82146
9.83503	-4.7529	1.83264	1.71977	10.0131	-4.84834	9.85	-4.75	1.81961	1.8196
9.9374	-4.65893	1.83672	1.72067	9.9571	-4.66087	9.95	-4.65	1.8196	1.8196
10.0394	-4.54238	1.95414	1.96154	9.99978	-4.51909	10.05	-4.55	1.99827	1.99828
10.1384	-4.44428	1.95777	1.96499	10.1558	-4.43582	10.15	-4.45	1.99826	1.99826
10.2266	-4.29066	1.6656	2.40084	10.1567	-4.25503	10.25	-4.3	1.81693	2.72538
10.3194	-4.15908	1.66756	2.39924	10.3312	-4.16698	10.35	-4.15	1.81692	2.72536
10.423	-4.06084	1.96569	2.04029	10.3715	-4.04505	10.45	-4.05	1.81951	1.8195
10.5328	-3.94885	1.97062	2.04411	10.5551	-3.94162	10.55	-3.95	1.8195	1.81951
10.634	-3.84387	1.87141	1.99693	10.6459	-3.84961	10.65	-3.85	1.81817	1.81818
10.7378	-3.73462	1.87247	1.99394	10.746	-3.7455	10.75	-3.75	1.81816	1.81817
10.8429	-3.61229	1.76017	2.14199	10.9384	-3.6422	10.85	-3.6	1.81621	2.7243
10.9397	-3.49277	1.76358	2.15652	10.9457	-3.45027	10.95	-3.45	1.8162	2.7243
11.0053	-3.30413	1.07847	2.86067	11.1095	-3.32648	11	-3.3	0.908632	2.72588
11.0631	-3.14692	1.07398	2.85498	11.0435	-3.16012	11.05	-3.15	0.908632	2.72588
11.1084	-2.98616	1.02706	2.86687	10.9851	-2.95299	11.1	-3	0.909905	2.72971
11.1643	-2.82951	1.02393	2.85699	11.1542	-2.85724	11.15	-2.85	0.909888	2.72968
11.1428	-2.69583	0.105055	2.7307	11.0233	-2.67356	11.15	-2.7	0	2.72847
11.1474	-2.54595	0.101745	2.72583	11.1324	-2.55807	11.15	-2.55	0	2.72844
11.1567	-2.40186	0.03975	2.69921	11.2541	-2.42353	11.15	-2.4	0	2.72732
11.1588	-2.25382	0.0389611	2.69501	11.1569	-2.2658	11.15	-2.25	0	2.72732
11.2625	-2.10083	1.53959	2.60809	11.2203	-2.08998	11.25	-2.1	1.81905	2.72856
11.3471	-1.95705	1.54015	2.61208	11.3482	-1.94557	11.35	-1.95	1.81905	2.72856
11.297	-1.79317	-0.536963	2.93558	11.3928	-1.80815	11.3	-1.8	-0.90916	2.72747
11.2651	-1.63184	-0.542023	2.93116	11.2389	-1.64141	11.25	-1.65	-0.909152	2.72745
11.2672	-1.50459	-0.135894	2.63226	11.3341	-1.51762	11.25	-1.5	0	2.72321
11.2599	-1.35923	-0.135171	2.63615	11.2625	-1.34833	11.25	-1.35	0	2.72321
11.2109	-1.18374	-0.881372	2.93241	11.3121	-1.19064	11.2	-1.2	-0.909524	2.72856
11.1621	-1.02357	-0.883101	2.92132	11.1556	-1.0549	11.15	-1.05	-0.909524	2.72856
11.0424	-0.891869	-1.8408	2.714	10.9982	-0.893223	11.05	-0.9	-1.81945	2.72916
10.9415	-0.742411	-1.84014	2.71722	10.9445	-0.73319	10.95	-0.75	-1.81942	2.72913
10.8797	-0.589075	-1.21652	2.73338	10.8362	-0.586	10.9	-0.599999	-0.909839	2.72952
10.8151	-0.438985	-1.21232	2.73323	10.8388	-0.441032	10.85	-0.449999	-0.909822	2.72949
10.6421	-0.352204	-2.83047	2.33063	10.6309	-0.359954	10.7	-0.349999	-2.99538	1.99692
10.5048	-0.235873	-2.82316	2.32814	10.5529	-0.247121	10.55	-0.25	-2.99539	1.99691
10.4155	-0.184613	-1.83109	1.66431	10.4322	-0.19515	10.45	-0.2	-1.81715	0.908579
10.3177	-0.0945047	-1.82554	1.64873	10.3505	-0.143257	10.35	-0.15	-1.81716	0.908579
10.1724	-0.0968962	-2.5123	0.863632	10.2068	-0.109014	10.2	-0.0999996	-2.73194	0.910655
10.0361	-0.0493314	-2.50912	0.86543	10.0541	-0.0441275	10.05	-0.0499992	-2.73194	0.910655
9.89306	0.00711469	-2.5766	0.940587	9.89001	0.00816785	9.9	9.49949e-07	-2.72481	0.908268
9.75186	0.0588185	-2.57538	0.939737	9.75876	0.0560308	9.75	0.0500011	-2.72477	0.90826
9.65313	0.0949227	-1.92975	0.807568	9.63528	0.0929341	9.65	0.100001	-1.81759	0.908784
9.5489	0.139644	-1.92609	0.810731	9.56967	0.149506	9.55	0.15	-1.81757	0.908775
9.41481	0.149729	-2.52059	0.505768	9.56225	0.148577	9.4	0.15	-2.72659	0
9.27418	0.176804	-2.52419	0.497462	9.25348	0.150166	9.25	0.15	-2.72658	0
9.12547	0.208303	-2.61428	0.533469	9.0821	0.207802	9.1	0.2	-2.72925	0.909752
8.97787	0.237689	-2.62173	0.535072	8.93575	0.243169	8.95	0.25	-2.72926	0.909752
8.83266	0.261914	-2.78036	0.485083	8.94634	0.26481	8.8	0.25	-2.72783	0
8.67671	0.28768	-2.78587	0.475167	8.64483	0.254352	8.65	0.25	-2.7278	0
8.52249	0.258417	-2.73483	-0.0161266	8.46866	0.251128	8.5	0.25	-2.72395	0
8.37066	0.257332	-2.7371	-0.0181587	8.35775	0.250149	8.35	0.25	-2.72395	0
8.22536	0.200513	-2.73771	-0.524796	8.28111	0.196974	8.2	0.2	-2.73278	-0.910929
8.07121	0.171252	-2.74492	-0.529388	8.03004	0.154113	8.05	0.15	-2.73279	-0.910929
7.84853	0.155199	-3.87088	-0.439101	7.74678	0.154598	7.85	0.15	-3.9992	0
7.65347	0.1334	-3.87338	-0.436719	7.63715	0.143302	7.65	0.15	-3.99916	0
7.57091	0.152783	-2.23257	-0.0276198	7.61982	0.157052	7.55	0.15	-1.99868	0
7.45759	0.151532	-2.23532	-0.0255665	7.43926	0.160393	7.45	0.15	-1.99866	0
7.30673	0.105529	-2.70592	-0.452792	7.34481	0.102019	7.3	0.100001	-2.72622	-0.908734
7.15863	0.0799563	-2.70431	-0.461614	7.16771	0.0463372	7.15	0.0500011	-2.72623	-0.908734
7.0544	-0.0436298	-2.03325	-1.38882	7.05721	-0.05037	7.05	-0.0499995	-1.81887	-1.81889
6.94328	-0.120459	-2.03202	-1.39516	6.95035	-0.144849	6.95	-0.15	-1.81888	-1.81889
6.84627	-0.23954	-1.83598	-1.8008	6.87212	-0.243254	6.85	-0.25	-1.81792	-1.81792
6.74681	-0.33883	-1.83312	-1.8034	6.76317	-0.34818	6.75	-0.35	-1.81792	-1.81792
6.6496	-0.44585	-1.91115	-1.87359	6.75759	-0.453523	6.65	-0.45	-1.81881	-1.8188
6.5462	-0.549062	-1.90803	-1.87506	6.56412	-0.553924	6.55	-0.549999	-1.81879	-1.81878
6.46352	-0.745549	-1.68411	-2.77982	6.60438	-0.765755	6.45	-0.749999	-1.81971	-3.63941
6.37074	-0.899075	-1.68575	-2.79054	6.36344	-0.942514	6.35	-0.949999	-1.81969	-3.63937
6.37539	-1.10064	-0.312575	-3.48505	6.35624	-1.10001	6.35	-1.1	0	-2.99522
6.3597	-1.27481	-0.311811	-3.48011	6.36321	-1.25111	6.35	-1.25	0	-2.99519
6.34417	-1.41866	-0.292359	-3.00572	6.30992	-1.40686	6.35	-1.4	0	-2.72817
6.32985	-1.58379	-0.28758	-2.99956	6.35537	-1.55723	6.35	-1.55	0	-2.72817
6.35145	-1.70606	0.00276596	-2.5672	6.50996	-1.74616	6.35	-1.7	0	-2.72628
6.35164	-1.84711	0.0034673	-2.56462	6.35448	-1.83673	6.35	-1.85	0	-2.72628
6.34242	-2.00656	-0.158727	-2.72296	6.38849	-2.02257	6.35	-2	0	-2.73154
6.33466	-2.15599	-0.155476	-2.71844	6.35078	-2.13767	6.35	-2.15	0	-2.73152
6.32899	-2.29185	-0.0767459	-2.7353	6.28921	-2.27735	6.35	-2.3	0	-2.99503
6.32597	-2.42924	-0.0757823	-2.73712	6.33355	-2.43768	6.35	-2.45	0	-2.99503
6.37062	-2.59237	0.724027	-2.99005	6.30986	-2.56694	6.4	-2.6	0.909996	-2.73
6.41368	-2.75765	0.731624	-2.98881	6.45623	-2.7536	6.45	-2.75	0.91	-2.73
6.46261	-2.89957	0.881655	-2.79863	6.40481	-2.87127	6.5	-2.9	0.907593	-2.72277
6.51286	-3.05359	0.888862	-2.78972	6.54629	-3.01951	6.55	-3.05	0.907584	-2.72274
6.53472	-3.23815	0.370352	-2.96253	6.70928	-3.32749	6.55	-3.25	0	-3.63617
6.55599	-3.40272	0.366757	-2.97607	6.54763	-3.45513	6.55	-3.45	0	-3.63613
6.58661	-3.59067	0.641556	-3.29826	6.52015	-3.55608	6.6	-3.6	0.909673	-2.72901
6.62253	-3.77137	0.647341	-3.28904	6.64571	-3.73674	6.65	-3.75	0.909661	-2.72898
6.71324	-3.85182	1.18557	-2.3563	6.71319	-3.83967	6.75	-3.85	1.81795	-1.81795
6.78225	-3.98185	1.20106	-2.34277	6.85201	-3.93663	6.85	-3.95	1.81793	-1.81793
6.89225	-4.14023	1.54372	-2.58263	7.13409	-4.28567	6.9	-4.15	0.909979	-3.63994
6.97686	-4.28335	1.53711	-2.59514	6.9548	-4.32855	6.95	-4.35	0.909975	-3.6399
6.99633	-4.43357	0.692572	-2.50198	7.00947	-4.44692	7	-4.45	0.907889	-1.81577
7.03532	-4.57115	0.697748	-2.49599	7.05586	-4.55105	7.05	-4.55	0.907881	-1.81576
7.1112	-4.72089	1.15167	-2.6856	7.15974	-4.75194	7.1	-4.7	0.909789	-2.72935
7.17054	-4.86551	1.14601	-2.67728	7.13261	-4.82718	7.15	-4.85	0.909777	-2.72933
7.28092	-5.02094	1.77103	-2.88775	7.2829	-5.01975	7.25	-5	1.81861	-2.72792
7.37504	-5.17723	1.76611	-2.88125	7.34301	-5.14642	7.35	-5.15	1.81859	-2.72789
7.40919	-5.31642	1.16307	-2.756	7.32687	-5.26205	7.4	-5.3	0.999994	-3
7.46687	-5.45386	1.16235	-2.7553	7.46174	-5.44979	7.45	-5.45	0.999999	-3
7.5504	-5.55152	1.37176	-2.29263	7.47116	-5.48352	7.55	-5.55	1.81749	-1.81749
7.62738	-5.67758	1.38016	-2.28499	7.65989	-5.6552	7.65	-5.65	1.81747	-1.81747
7.70365	-5.79875	1.27134	-2.16233	7.78563	-5.85993	7.7	-5.8	0.909598	-2.72881
7.77335	-5.91899	1.2641	-2.17404	7.75276	-5.95823	7.75	-5.95	0.909594	-2.72878
7.84351	-6.04484	1.34864	-2.28919	7.79663	-6.00945	7.85	-6.05	1.81964	-1.81964
7.91925	-6.17079	1.35674	-2.28302	7.95034	-6.15505	7.95	-6.15	1.81962	-1.81962
8.04526	-6.30798	2.14514	-2.70192	8.04642	-6.30578	8.05	-6.3	1.99731	-2.99599
8.1525	-6.4433	2.14415	-2.7029	8.14855	-6.44643	8.15	-6.45	1.99732	-2.99598
8.20535	-6.55201	1.12148	-1.99091	8.26534	-6.60186	8.2	-6.55	0.909111	-1.81822
8.26584	-6.66055	1.11929	-1.98899	8.25279	-6.64996	8.25	-6.65	0.909111	-1.81822
8.31373	-6.80976	1.19668	-2.4813	8.2109	-6.73286	8.3	-6.8	0.90845	-2.72534
8.37806	-6.9457	1.19098	-2.48342	8.35448	-6.94719	8.35	-6.95	0.908442	-2.72531
8.48789	-7.1163	1.6663	-2.85694	8.61718	-7.22425	8.45	-7.1	1.81925	-2.72886
8.57677	-7.27112	1.66095	-2.8529	8.54666	-7.24803	8.55	-7.25	1.81924	-2.72886
8.68174	-7.37181	1.64139	-2.27767	8.69659	-7.3744	8.65	-7.35	1.82079	-1.8208
8.76869	-7.49279	1.64122	-2.26291	8.74711	-7.43338	8.75	-7.45	1.8208	-1.8208
8.83277	-7.62025	1.64396	-2.51241	8.68846	-7.50096	8.8	-7.6	0.997629	-2.99288
8.91146	-7.74483	1.62983	-2.51922	8.84984	-7.75349	8.85	-7.75	0.997629	-2.99288
8.91107	-7.90268	0.77053	-2.57802	8.77486	-7.80083	8.9	-7.9	0.909127	-2.72742
8.95366	-8.04577	0.766258	-2.58575	8.94604	-8.07116	8.95	-8.05	0.909127	-2.7274
8.97887	-8.16685	0.573799	-2.36377	8.92041	-8.11276	9	-8.15	0.909524	-1.81903
9.00942	-8.29346	0.581893	-2.34642	9.01893	-8.23506	9.05	-8.25	0.909516	-1.81902
9.08116	-8.41055	1.05143	-2.38787	9.04724	-8.3711	9.1	-8.4	0.909922	-2.72975
9.1402	-8.54183	1.05826	-2.38324	9.1628	-8.53304	9.15	-8.55	0.909913	-2.72976
9.22499	-8.68369	1.56268	-2.74217	9.09379	-8.55764	9.25	-8.7	1.8169	-2.72535
9.31395	-8.83677	1.57075	-2.74369	9.3508	-8.85468	9.35	-8.85	1.81688	-2.72532
9.39053	-8.95851	1.34823	-2.37442	9.40597	-8.96981	9.4	-9	0.910219	-2.73069
9.46559	-9.09312	1.33756	-2.3955	9.45338	-9.162	9.45	-9.15	0.910228	-2.73069
9.46838	-9.29032	0.794655	-2.98072	9.51544	-9.36256	9.5	-9.3	0.997908	-2.99371
9.51214	-9.44182	0.807906	-2.97768	9.56994	-9.45148	9.55	-9.45	0.997908	-2.99372
9.56163	-9.53993	0.55667	-2.17362	9.62711	-9.59131	9.6	-9.55	0.909971	-1.81993
9.59575	-9.66115	0.569884	-2.17052	9.64603	-9.66938	9.65	-9.65	0.909954	-1.81992
9.62728	-9.78538	0.581706	-2.21947	9.63311	-9.79216	9.65	-9.8	0	-2.73054
9.65968	-9.91031	0.572881	-2.23472	9.64842	-9.95866	9.65	-9.95	0	-2.73053
9.69685	-10.0662	0.916031	-2.86466	9.61381	-9.98703	9.7	-10.1	0.998187	-2.99456
9.74411	-10.2123	0.914094	-2.87312	9.7516	-10.2483	9.75	-10.25	0.998187	-2.99455
9.78231	-10.3678	0.78483	-2.81664	9.7698	-10.3568	9.8	-10.4	0.909806	-2.7294
9.82808	-10.5244	0.793571	-2.81655	9.8633	-10.5382	9.85	-10.55	0.909797	-2.72938
9.83736	-10.6614	0.325993	-2.45783	9.8617	-10.6917	9.85	-10.7	0	-2.72718
9.85591	-10.8002	0.316396	-2.4748	9.84674	-10.8547	9.85	-10.85	0	-2.72715
9.83083	-10.954	0.00468458	-2.61628	9.75887	-10.887	9.85	-11	0	-2.72395
9.83408	-11.1019	0.00868645	-2.62511	9.86442	-11.1448	9.85	-11.15	0	-2.72395
9.83262	-11.266	0.00456979	-2.78791	9.87244	-11.316	9.85	-11.3	0	-2.73074
9.83449	-11.4213	0.00635087	-2.79322	9.85036	-11.4464	9.85	-11.45	0	-2.73075
9.84429	-11.5775	0.00537561	-2.72831	9.93142	-11.6783	9.85	-11.6	0	-2.72396
9.84389	-11.7279	0.000653005	-2.7315	9.83174	-11.7336	9.85	-11.75	0	-2.72396
9.81318	-11.867	-0.310278	-2.65366	9.80843	-11.8702	9.8	-11.9	-1.0005	-3.00149
9.79606	-12.0022	-0.328751	-2.67093	9.75331	-12.0506	9.75	-12.05	-1.0005	-3.0015
9.64739	-12.1373	-1.752	-2.01669	9.64519	-12.1714	9.65	-12.15	-1.81799	-1.81797
9.55101	-12.2473	-1.74866	-2.01213	9.55524	-12.2329	9.55	-12.25	-1.81797	-1.81797
9.46144	-12.4118	-1.51241	-2.65797	9.47014	-12.4324	9.45	-12.4	-1.82042	-2.73064
9.37614	-12.5573	-1.52437	-2.66273	9.34172	-12.5587	9.35	-12.55	-1.82041	-2.73063
9.23441	-12.6675	-2.24197	-2.17664	9.21558	-12.6577	9.25	-12.65	-1.99893	-1.99891
9.12419	-12.7754	-2.22636	-2.16596	9.16462	-12.7506	9.15	-12.75	-1.99891	-1.9989
9.06826	-12.8414	-1.75561	-1.74158	9.08802	-12.8351	9.05	-12.85	-1.81839	-1.81839
8.97107	-12.9373	-1.7604	-1.74445	8.95936	-12.9426	8.95	-12.95	-1.81838	-1.81838
8.7837	-13.0091	-2.81942	-0.9891	8.8569	-13.1416	8.8	-13	-2.72942	-0.909806
8.62996	-13.0624	-2.80827	-0.981278	8.65422	-13.0444	8.65	-13.05	-2.72941	-0.909806
8.51218	-13.1332	-2.49245	-1.36913	8.49168	-13.0983	8.5	-13.15	-2.99987	-1.99991
8.38578	-13.2035	-2.51016	-1.38173	8.3436	-13.2381	8.35	-13.25	-2.99984	-1.9999
8.24129	-13.1699	-2.97904	-0.0878109	8.19421	-13.0768	8.25	-13.2	-1.99797	0.998985
8.09516	-13.1736	-2.95656	-0.075746	8.15674	-13.1486	8.15	-13.15	-1.99797	0.998985
7.99216	-13.1939	-2.33121	-0.495404	7.9999	-13.1879	8	-13.2	-2.73	-0.910004
7.86395	-13.2233	-2.33876	-0.504044	7.85314	-13.2533	7.85	-13.25	-2.73	-0.910004
7.64254	-13.2179	-3.23156	0.10155	7.57824	-13.1345	7.65	-13.25	-3.62957	0
7.46438	-13.2144	-3.23873	0.0933336	7.45422	-13.2433	7.45	-13.25	-3.62953	0
7.30491	-13.2255	-3.05392	-0.11347	7.33241	-13.2718	7.3	-13.25	-2.7301	0
7.1369	-13.2321	-3.05646	-0.11527	7.13166	-13.2372	7.15	-13.25	-2.73007	0
6.99122	-13.2096	-2.91023	0.138883	6.97467	-13.1643	7	-13.25	-2.72703	0
6.83268	-13.2052	-2.90827	0.132216	6.84852	-13.2404	6.85	-13.25	-2.727	0
6.66539	-13.1712	-3.10629	0.612476	6.7113	-13.2598	6.7	-13.2	-2.72742	0.909144
6.49816	-13.1401	-3.08651	0.614059	6.55626	-13.1584	6.55	-13.15	-2.72742	0.909144
6.37044	-13.0502	-2.79755	1.08991	6.32545	-12.9303	6.4	-13.1	-2.72703	0.908994
6.21925	-12.9952	-2.79105	1.08114	6.25112	-13.0473	6.25	-13.05	-2.727	0.908995
6.0739	-12.9527	-2.70442	0.896923	6.09711	-13.0021	6.1	-13	-2.73	0.910004
5.92773	-12.9084	-2.69948	0.887653	5.95513	-12.9613	5.95	-12.95	-2.72998	0.909996
5.78908	-12.8816	-2.81726	0.950943	5.89343	-13.1185	5.8	-12.9	-2.99275	0.99759
5.64861	-12.8343	-2.81233	0.952073	5.6635	-12.8347	5.65	-12.85	-2.99275	0.99758
5.55536	-12.7437	-2.43762	1.45753	5.61778	-12.8527	5.55	-12.75	-1.81993	1.81994
5.42228	-12.6609	-2.42324	1.46815	5.45219	-12.6228	5.45	-12.65	-1.81994	1.81994
5.3414	-12.5348	-2.02286	1.82157	5.30917	-12.4284	5.35	-12.55	-1.81722	1.81723
5.23121	-12.4357	-2.01655	1.82118	5.25069	-12.4448	5.25	-12.45	-1.81721	1.81721
5.0952	-12.3349	-2.29058	2.01525	5.13338	-12.4375	5.1	-12.35	-2.72881	1.8192
4.96916	-12.2277	-2.30137	2.00412	4.9499	-12.2734	4.95	-12.25	-2.72881	1.81921
4.90414	-12.1363	-1.74114	1.65579	4.92993	-12.1787	4.9	-12.15	-0.908467	1.81693
4.80961	-12.045	-1.72941	1.65995	4.84027	-12.0359	4.85	-12.05	-0.908462	1.81692
4.74936	-11.8759	-1.65321	2.76033	4.79909	-11.9738	4.75	-11.9	-1.81788	2.72684
4.65807	-11.7264	-1.66264	2.75239	4.63814	-11.758	4.65	-11.75	-1.81788	2.72683
4.57677	-11.6231	-1.37925	1.8584	4.50688	-11.4491	4.6	-11.65	-0.909963	1.81994
4.50297	-11.5232	-1.36774	1.85723	4.5399	-11.541	4.55	-11.55	-0.909959	1.81992
4.47082	-11.3123	-1.20588	3.1934	4.46798	-11.2692	4.5	-11.35	-0.909227	3.63689
4.40696	-11.1391	-1.19045	3.19323	4.45518	-11.1556	4.45	-11.15	-0.909218	3.63686
4.40107	-11.0533	-0.550305	2.06785	4.47788	-11.2387	4.4	-11.05	-0.909227	1.81845
4.37087	-10.9406	-0.552454	2.0651	4.36691	-10.9529	4.35	-10.95	-0.909222	1.81844
4.38965	-10.8022	-0.106871	2.1432	4.34978	-10.6819	4.4	-10.8	0.9094	2.72823
4.38494	-10.683	-0.0921251	2.15088	4.42489	-10.6572	4.45	-10.65	0.909396	2.72819
4.4294	-10.5075	0.195527	3.00526	4.45256	-10.5332	4.45	-10.5	0	3.00113
4.43935	-10.357	0.198008	3.0067	4.44692	-10.3512	4.45	-10.35	0	3.00113
4.49132	-10.1933	0.674141	2.83735	4.41237	-9.99477	4.5	-10.2	0.999524	2.99855
4.52602	-10.0515	0.682621	2.84018	4.5556	-10.0446	4.55	-10.05	0.999524	2.99856
4.58803	-9.89392	0.939143	2.93262	4.57379	-9.85032	4.6	-9.9	0.998267	2.9948
4.63601	-9.74779	0.945115	2.93337	4.65841	-9.75093	4.65	-9.75	0.998262	2.99479
4.68779	-9.64063	1.18569	1.97405	4.60255	-9.4741	4.7	-9.65	0.910924	1.82187
4.75268	-9.53258	1.1828	1.97223	4.74425	-9.53907	4.75	-9.55	0.910928	1.82186
4.79658	-9.38329	0.889992	2.53834	4.78405	-9.35872	4.8	-9.4	0.908038	2.72411
4.84704	-9.24495	0.89803	2.5382	4.87523	-9.25457	4.85	-9.25	0.908033	2.7241
4.95077	-9.08347	1.41491	2.61545	4.92663	-9.02336	4.95	-9.1	1.81851	2.72776
5.02988	-8.94176	1.41863	2.61201	5.04624	-8.96378	5.05	-8.95	1.81852	2.72777
5.13499	-8.7797	1.68229	2.70772	5.1055	-8.72095	5.15	-8.8	1.8165	2.72476
5.22946	-8.63244	1.69151	2.7076	5.26299	-8.64398	5.25	-8.65	1.8165	2.72475
5.3344	-8.53669	1.94515	2.01349	5.34134	-8.5519	5.35	-8.55	1.82159	1.8216
5.44111	-8.42679	1.94193	2.01033	5.43218	-8.43885	5.45	-8.45	1.82157	1.82157
5.49029	-8.32184	1.32769	2.14417	5.5122	-8.36624	5.5	-8.35	0.908054	1.81609
5.56322	-8.20531	1.31979	2.1362	5.54143	-8.23537	5.55	-8.25	0.908054	1.8161
5.6847	-8.15136	1.96672	1.26596	5.72065	-8.20245	5.7	-8.15	2.72851	1.81902
5.79426	-8.08008	1.98569	1.28062	5.85207	-8.0316	5.85	-8.05	2.72849	1.81899
5.93159	-7.90551	1.93429	2.56959	5.99121	-7.96746	5.95	-7.9	1.81851	2.72777
6.03817	-7.76372	1.93814	2.57315	6.04955	-7.75139	6.05	-7.75	1.81852	2.72777
6.15053	-7.66889	2.06498	2.07624	6.20599	-7.74241	6.15	-7.65	1.81739	1.81739
6.26354	-7.55471	2.06006	2.07308	6.2473	-7.56333	6.25	-7.55	1.81739	1.81739
6.36704	-7.45432	1.95842	1.97485	6.39144	-7.48582	6.35	-7.45	1.8164	1.81641
6.47378	-7.34574	1.94984	1.96892	6.44526	-7.36223	6.45	-7.35	1.81638	1.81638
6.61394	-7.25892	2.32625	1.68467	6.66209	-7.31025	6.6	-7.25	2.72856	1.81904
6.74149	-7.16509	2.3295	1.69056	6.74856	-7.14204	6.75	-7.15	2.72856	1.81904
6.84468	-7.06146	2.02564	1.87691	6.83447	-7.05268	6.85	-7.05	1.82066	1.82066
6.95723	-6.95916	2.03062	1.87792	6.97717	-6.96144	6.95	-6.95	1.82065	1.82065
7.11373	-6.86764	2.66441	1.71188	7.13677	-6.88363	7.1	-6.85	2.99976	1.99984
7.24637	-6.78044	2.66818	1.71955	7.2552	-6.74652	7.25	-6.75	2.99976	1.99984
7.30586	-6.65616	1.72259	2.32108	7.234	-6.59525	7.3	-6.65	0.999384	1.99876
7.38883	-6.53837	1.71099	2.31702	7.33491	-6.53948	7.35	-6.55	0.999369	1.99874
7.54154	-6.56158	2.74417	0.543559	7.67988	-6.69347	7.5	-6.55	2.72747	0
7.69026	-6.53171	2.73113	0.533305	7.64389	-6.55777	7.65	-6.55	2.72745	0
7.78174	-6.46676	1.71642	1.26748	7.94309	-6.60222	7.75	-6.45	1.81623	1.81624
7.87284	-6.39329	1.71344	1.27905	7.84566	-6.34021	7.85	-6.35	1.81623	1.81624
8.02208	-6.32844	2.53029	0.952958	7.9171	-6.24084	8	-6.3	2.72648	0.908821
8.1591	-6.2734	2.52994	0.962947	8.14601	-6.23101	8.15	-6.25	2.72645	0.908817
8.26877	-6.11913	1.75957	2.21875	8.37368	-6.18614	8.25	-6.1	1.81898	2.72847
8.36379	-5.995	1.75995	2.22787	8.35502	-5.95811	8.35	-5.95	1.81897	2.72844
8.5305	-5.93405	2.92208	1.30508	8.43843	-5.87193	8.5	-5.9	2.72647	0.90883
8.68803	-5.86113	2.91106	1.30014	8.64201	-5.86567	8.65	-5.85	2.72645	0.908817
8.78352	-5.76484	2.04223	1.72063	8.76652	-5.75601	8.75	-5.75	1.81789	1.81788
8.89235	-5.66822	2.03406	1.72204	8.85198	-5.65134	8.85	-5.65	1.81789	1.81788
9.04082	-5.56172	2.63841	1.63867	8.91028	-5.47662	9	-5.55	2.73109	1.82073
9.18184	-5.46994	2.62845	1.63773	9.13482	-5.45989	9.15	-5.45	2.73106	1.82072
9.28879	-5.37095	2.06789	1.85439	9.32693	-5.39468	9.25	-5.35	1.81796	1.81795
9.39712	-5.26687	2.05345	1.85096	9.33045	-5.26019	9.35	-5.25	1.81794	1.81793
9.5321	-5.17348	2.46752	1.65476	9.4498	-5.12838	9.5	-5.15	2.72905	1.81937
9.66461	-5.08018	2.46395	1.66348	9.63754	-5.04328	9.65	-5.05	2.72903	1.81935
9.7294	-4.95597	1.45071	2.27706	9.83281	-5.00671	9.7	-4.95	0.998666	1.99733
9.79829	-4.841	1.44094	2.27177	9.74856	-4.84745	9.75	-4.85	0.998656	1.99731
9.8925	-4.77154	1.70639	1.73758	9.96003	-4.81123	9.85	-4.75	1.8172	1.81719
9.98227	-4.67439	1.69687	1.73701	9.93394	-4.66432	9.95	-4.65	1.81717	1.81717
10.0915	-4.56863	1.8355	1.82123	10.1357	-4.58625	10.05	-4.55	1.82042	1.82043
10.1882	-4.46661	1.8278	1.82548	10.1444	-4.44253	10.15	-4.45	1.82041	1.82042
10.339	-4.36557	2.53513	1.70698	10.3185	-4.35401	10.3	-4.35	2.72672	1.81782
10.4758	-4.27022	2.531	1.71203	10.4496	-4.24828	10.45	-4.25	2.7267	1.8178
10.5219	-4.09798	1.01957	2.64862	10.5826	-4.11494	10.5	-4.1	0.908764	2.72628
10.5761	-3.95182	1.0151	2.64712	10.5542	-3.95161	10.55	-3.95	0.908764	2.72628
10.6702	-3.81114	1.56448	2.5234	10.6618	-3.80699	10.65	-3.8	1.8194	2.72911
10.7562	-3.67181	1.56621	2.5294	10.7602	-3.65417	10.75	-3.65	1.81939	2.72908
10.862	-3.56718	1.90649	2.18604	10.8593	-3.57039	10.85	-3.55	1.81839	1.81838
10.9648	-3.4473	1.90005	2.17747	10.9375	-3.46792	10.95	-3.45	1.81838	1.81838
11.0075	-3.29916	0.971564	2.53694	11.0183	-3.30073	11	-3.3	0.908549	2.72563
11.0613	-3.15914	0.973345	2.54168	11.0672	-3.14607	11.05	-3.15	0.908549	2.72564
11.1118	-3.01525	0.932591	2.57931	11.1054	-3.01303	11.1	-3	0.90888	2.72663
11.1611	-2.87218	0.930125	2.58639	11.1428	-2.8481	11.15	-2.85	0.908863	2.72661
11.2114	-2.71088	0.93647	2.74005	11.1758	-2.69942	11.2	-2.7	0.909988	2.72995
11.2616	-2.55949	0.934923	2.74572	11.2495	-2.5409	11.25	-2.55	0.909988	2.72995
11.2241	-2.4125	-0.615451	2.89227	11.4549	-2.46508	11.2	-2.4	-0.907692	2.72306
11.1884	-2.25253	-0.618378	2.89551	11.1705	-2.24061	11.15	-2.25	-0.907683	2.72304
11.302	-2.09941	1.6004	2.65599	11.2202	-2.08177	11.25	-2.1	1.8219	2.73284
11.3869	-1.9539	1.59371	2.6486	11.3536	-1.97104	11.35	-1.95	1.82188	2.73281
11.3663	-1.7956	0.201501	2.82723	11.224	-1.77367	11.35	-1.8	0	2.71996
11.3765	-1.63974	0.199474	2.82537	11.3661	-1.64386	11.35	-1.65	0	2.71993
11.3668	-1.49121	0.0299871	2.77076	11.2691	-1.47976	11.35	-1.5	0	2.73448
11.366	-1.33923	0.0249942	2.76776	11.3391	-1.34511	11.35	-1.35	0	2.73446
11.257	-1.19608	-1.58079	2.88106	11.2507	-1.19626	11.25	-1.2	-1.99969	2.99952
11.1758	-1.05162	-1.58417	2.88293	11.1532	-1.04324	11.15	-1.05	-1.99967	2.99949
11.1088	-0.903657	-1.22573	2.89215	10.9697	-0.89157	11.1	-0.9	-1.00006	3.00024
11.0489	-0.75867	-1.22304	2.89731	11.0654	-0.742685	11.05	-0.75	-1.00006	3.00021
10.941	-0.649989	-1.75371	2.48009	10.8913	-0.655608	10.95	-0.649999	-1.81771	1.81773
10.8443	-0.514632	-1.7545	2.46849	10.8418	-0.549005	10.85	-0.549999	-1.81772	1.81773
10.7548	-0.433064	-1.72375	2.01727	10.827	-0.442912	10.75	-0.45	-1.81842	1.8184
10.6604	-0.323094	-1.72328	2.0071	10.6642	-0.353413	10.65	-0.35	-1.8184	1.81839
10.4917	-0.244073	-3.00214	1.8405	10.5503	-0.248633	10.5	-0.25	-3.00035	2.00024
10.3422	-0.152586	-3.00121	1.83497	10.3487	-0.171899	10.35	-0.15	-3.00032	2.00022
10.2437	-0.108296	-2.22644	1.41942	10.2559	-0.115293	10.25	-0.0999996	-2.00053	1.00027
10.1327	-0.0375697	-2.22582	1.417	10.137	-0.0462889	10.15	-0.0499992	-2.00053	1.00027
10.0376	0.0186116	-2.02085	1.28856	10.0717	0.0165033	10.05	9.49949e-07	-2.00009	1.00004
9.93587	0.0823616	-2.02197	1.28107	9.92833	0.0556031	9.95	0.0500011	-2.00006	1.00003
9.78795	0.042926	-2.79937	0.3662	9.8478	0.0279858	9.8	0.0500011	-3.00025	0
9.64817	0.0606639	-2.79905	0.359816	9.65029	0.0372757	9.65	0.0500011	-3.00024	0
9.50168	0.0967971	-2.95047	0.520422	9.54682	0.0997641	9.5	0.100001	-2.99825	0.999409
9.35261	0.123179	-2.95309	0.52447	9.33515	0.138463	9.35	0.15	-2.99825	0.999409
9.26883	0.133488	-1.99234	0.364396	9.46113	0.134275	9.25	0.15	-1.81915	0
9.1576	0.153707	-1.99577	0.36678	9.13787	0.161547	9.15	0.15	-1.81913	0
8.99804	0.193163	-2.90749	0.546836	9.02723	0.196492	9	0.2	-2.99927	0.99976
8.85019	0.221118	-2.91196	0.554418	8.82128	0.250523	8.85	0.25	-2.99927	0.99976
8.69579	0.248131	-3.02126	0.546921	8.67607	0.247512	8.7	0.25	-2.99873	0
8.54496	0.274914	-3.02055	0.539948	8.54916	0.247046	8.55	0.25	-2.99871	0
8.40631	0.25728	-2.6513	0.110931	8.44086	0.253341	8.4	0.25	-2.72872	0
8.25812	0.263214	-2.65613	0.109684	8.2302	0.258614	8.25	0.25	-2.72871	0
8.10752	0.210705	-2.91916	-0.428279	8.1066	0.204722	8.1	0.2	-2.99909	-0.9997
7.96034	0.188099	-2.92094	-0.442659	7.94777	0.127954	7.95	0.15	-2.9991	-0.9997
7.80843	0.151078	-3.02829	-0.585117	7.82213	0.149733	7.8	0.15	-3.00101	0
7.65527	0.122346	-3.03154	-0.578192	7.63383	0.15164	7.65	0.15	-3.00099	0
7.51371	0.100406	-2.62758	-0.482704	7.49691	0.101076	7.5	0.100001	-2.72698	-0.908982
7.36766	0.0736777	-2.63055	-0.484756	7.35046	0.0656199	7.35	0.0500011	-2.72695	-0.908974
7.26037	0.000300908	-2.11525	-0.953699	7.13188	-0.00451978	7.25	9.49949e-07	-2.00032	-1.00016
7.15423	-0.0475156	-2.11595	-0.955529	7.14965	-0.0559868	7.15	-0.0499992	-2.0003	-1.00015
6.97428	-0.149128	-2.81358	-1.42645	6.77233	-0.150907	7	-0.15	-2.72534	-1.8169
6.82261	-0.227724	-2.8073	-1.4269	6.85872	-0.227918	6.85	-0.25	-2.72532	-1.81688
6.77859	-0.347892	-1.28328	-1.93538	6.70421	-0.347264	6.8	-0.349999	-1.00053	-2.00107
6.71703	-0.444687	-1.27875	-1.93504	6.74687	-0.441006	6.75	-0.449999	-1.00054	-2.00107
6.61945	-0.541934	-1.91182	-1.91808	6.72084	-0.550555	6.65	-0.549999	-2.00016	-2.00017
6.5257	-0.637762	-1.90839	-1.9155	6.54837	-0.624094	6.55	-0.65	-2.00016	-2.00017
6.47691	-0.786427	-1.06282	-2.49017	6.40088	-0.78131	6.5	-0.799999	-0.999884	-2.99963
6.42611	-0.911934	-1.05985	-2.50056	6.44859	-0.960126	6.45	-0.949999	-0.999884	-2.99963
6.37865	-1.08086	-0.928023	-2.95995	6.37766	-1.0844	6.4	-1.1	-0.999984	-2.99995
6.33422	-1.22938	-0.924992	-2.96332	6.35596	-1.24356	6.35	-1.25	-0.999969	-2.99992
6.34861	-1.39056	-0.244378	-3.11717	6.5527	-1.43518	6.35	-1.4	0	-3.00132
6.33785	-1.54672	-0.241945	-3.11852	6.35503	-1.55184	6.35	-1.55	0	-3.00129
6.32808	-1.65036	-0.269558	-2.43171	6.33086	-1.6454	6.35	-1.65	0	-1.81769
6.31495	-1.78386	-0.263956	-2.4231	6.34356	-1.7483	6.35	-1.75	0	-1.81769
6.33666	-1.95543	0.297164	-2.98971	6.34522	-1.96081	6.35	-1.95	0	-3.99976
6.35109	-2.1051	0.295318	-2.99338	6.34095	-2.12276	6.35	-2.15	0	-3.99972
6.33251	-2.24528	-0.175312	-2.84923	6.3068	-2.23646	6.35	-2.25	0	-2
6.32471	-2.38745	-0.17113	-2.84199	6.34785	-2.35274	6.35	-2.35	0	-1.99998
6.33318	-2.50052	0.113847	-2.5925	6.26272	-2.46894	6.35	-2.5	0	-3
6.34082	-2.63101	0.116809	-2.5952	6.36265	-2.64414	6.35	-2.65	0	-3
6.39497	-2.78061	0.869797	-2.91043	6.38105	-2.77438	6.4	-2.8	1.00003	-3.00012
6.44054	-2.9273	0.872271	-2.91524	6.461	-2.95066	6.45	-2.95	1.00003	-3.00009
6.48752	-3.14098	1.04282	-3.65682	6.50958	-3.15806	6.5	-3.15	0.999284	-3.99712
6.54152	-3.32538	1.04348	-3.66456	6.55345	-3.36165	6.55	-3.35	0.999284	-3.99712
6.58196	-3.44534	0.565871	-2.71566	6.64067	-3.46888	6.6	-3.45	0.909922	-1.81983
6.61352	-3.59379	0.57149	-2.70536	6.63536	-3.55462	6.65	-3.55	0.909917	-1.81984
6.70209	-3.70249	1.33005	-2.55237	6.70376	-3.69784	6.7	-3.7	0.999335	-2.99802
6.76796	-3.83026	1.32678	-2.55615	6.75151	-3.84595	6.75	-3.85	0.99934	-2.99802
6.79298	-3.99274	0.89639	-2.77469	6.65288	-3.91672	6.8	-4	0.908549	-2.72564
6.84354	-4.14619	0.898707	-2.77639	6.85764	-4.15466	6.85	-4.15	0.908537	-2.72561
6.88081	-4.26222	0.579488	-2.31042	6.9447	-4.2991	6.9	-4.25	0.90988	-1.81977
6.91369	-4.38832	0.588662	-2.29735	6.94846	-4.34203	6.95	-4.35	0.909876	-1.81975
7.00558	-4.50062	1.29632	-2.35548	7.09552	-4.55441	7	-4.5	1.00008	-3.00024
7.06896	-4.61845	1.28914	-2.36283	7.03506	-4.6461	7.05	-4.65	1.00008	-3.00024
7.15328	-4.81305	1.64315	-3.19347	7.25009	-4.88515	7.15	-4.8	1.99984	-2.99976
7.23595	-4.97186	1.6498	-3.18348	7.26242	-4.9318	7.25	-4.95	1.99984	-2.99976
7.28715	-5.06152	0.985805	-2.28155	7.33292	-5.08676	7.3	-5.05	1.00028	-2.00057
7.33681	-5.17518	0.989562	-2.27646	7.3521	-5.15533	7.35	-5.15	1.00028	-2.00056
7.40576	-5.28993	1.25496	-2.34645	7.40318	-5.28627	7.4	-5.3	1.00003	-3.00012
7.46786	-5.40799	1.24818	-2.35561	7.44098	-5.44336	7.45	-5.45	1.00004	-3.00012
7.52918	-5.54831	1.37155	-2.65889	7.46878	-5.50726	7.55	-5.55	1.99961	-1.99961
7.60078	-5.68165	1.38544	-2.64798	7.66561	-5.647	7.65	-5.65	1.9996	-1.9996
7.6706	-5.79333	1.28688	-2.38237	7.70927	-5.8194	7.7	-5.8	1.00027	-3.00084
7.73749	-5.91512	1.28784	-2.3919	7.75724	-5.96146	7.75	-5.95	1.00028	-3.00084
7.81625	-6.02544	1.57207	-2.42771	7.71187	-5.94164	7.85	-6.05	1.9998	-1.99981
7.89798	-6.14824	1.58217	-2.42436	7.95005	-6.14609	7.95	-6.15	1.9998	-1.9998
7.96418	-6.23456	1.22253	-1.92213	8.03808	-6.28852	8	-6.25	1.00004	-2.00008
8.02702	-6.33233	1.22411	-1.92701	8.04346	-6.35767	8.05	-6.35	1.00004	-2.00008
8.12151	-6.49139	1.86317	-2.75449	8.1071	-6.48544	8.15	-6.5	1.99951	-2.99928
8.21789	-6.63164	1.8691	-2.75868	8.25742	-6.66007	8.25	-6.65	1.9995	-2.99925
8.28402	-6.71773	1.07722	-1.80891	8.38768	-6.7963	8.3	-6.75	0.90921	-1.81841
8.34383	-6.81956	1.07034	-1.82351	8.33159	-6.8699	8.35	-6.85	0.90921	-1.81841
8.41071	-6.99711	1.2925	-2.65145	8.58336	-7.15056	8.4	-7	1.0001	-3.00036
8.47489	-7.13037	1.28718	-2.65814	8.45779	-7.15285	8.45	-7.15	1.00011	-3.00036
8.54039	-7.24659	1.44125	-2.637	8.37938	-7.10665	8.55	-7.25	1.99907	-1.99908
8.61361	-7.37775	1.45062	-2.627	8.647	-7.3454	8.65	-7.35	1.99908	-1.99908
8.69355	-7.51477	1.48213	-2.64899	8.76035	-7.57239	8.7	-7.5	1.00058	-3.00174
8.76757	-7.64766	1.47974	-2.65256	8.76121	-7.66039	8.75	-7.65	1.00057	-3.00171
8.80492	-7.74976	0.916167	-2.17117	8.81118	-7.75569	8.8	-7.75	0.999844	-1.99968
8.84981	-7.85705	0.916534	-2.16661	8.84363	-7.83628	8.85	-7.85	0.999844	-1.99968
8.97381	-8.01655	1.92847	-2.91494	9.07758	-8.1058	8.95	-8	2.00017	-3.00024
9.06913	-8.16167	1.92502	-2.91552	9.05238	-8.15838	9.05	-8.15	2.00014	-3.00021
9.10144	-8.26468	1.05023	-2.2465	9.05557	-8.22632	9.1	-8.25	0.998905	-1.99781
9.15348	-8.37581	1.0527	-2.24037	9.15492	-8.35136	9.15	-8.35	0.998886	-1.99779
9.22733	-8.50357	1.16853	-2.26488	9.30408	-8.57245	9.2	-8.5	0.908863	-2.72657
9.28975	-8.6283	1.15753	-2.27298	9.2543	-8.64461	9.25	-8.65	0.908855	-2.72655
9.30049	-8.78807	0.824707	-2.63088	9.15971	-8.67034	9.3	-8.8	0.909475	-2.72841
9.34659	-8.93393	0.824256	-2.6354	9.35164	-8.95148	9.35	-8.95	0.909466	-2.72839
9.40861	-9.10676	1.11123	-3.08245	9.47941	-9.179	9.4	-9.1	0.999765	-2.99935
9.4625	-9.2593	1.10824	-3.07965	9.44272	-9.24111	9.45	-9.25	0.999774	-2.99934
9.50141	-9.36551	0.596743	-2.24927	9.53008	-9.38561	9.5	-9.35	0.908962	-1.81792
9.53561	-9.48697	0.613246	-2.23085	9.5752	-9.43724	9.55	-9.45	0.908954	-1.8179
9.59935	-9.61074	0.954582	-2.3472	9.60163	-9.60777	9.6	-9.6	0.909988	-2.72996
9.65074	-9.74021	0.946648	-2.35401	9.62903	-9.75552	9.65	-9.75	0.909971	-2.72993
9.69744	-9.8992	0.989382	-2.66769	9.69155	-9.89958	9.7	-9.9	0.907972	-2.7239
9.75148	-10.0459	0.987432	-2.66845	9.74482	-10.046	9.75	-10.05	0.907972	-2.72391
9.74898	-10.1828	0.396226	-2.43096	9.69256	-10.1336	9.75	-10.2	0	-2.73106
9.7703	-10.318	0.387341	-2.44192	9.75264	-10.3488	9.75	-10.35	0	-2.73105
9.8183	-10.492	0.870935	-3.12374	9.8242	-10.5024	9.8	-10.5	1	-2.99999
9.86018	-10.6477	0.863093	-3.12768	9.83234	-10.6514	9.85	-10.65	0.999994	-2.99996
9.86562	-10.7903	0.437994	-2.87413	9.82501	-10.7525	9.85	-10.8	0	-3.00047
9.88591	-10.9348	0.42561	-2.88441	9.85033	-10.9603	9.85	-10.95	0	-3.00048
9.85255	-11.0599	-0.343199	-2.34595	9.91881	-11.1448	9.85	-11.05	0	-1.9956
9.83628	-11.1763	-0.333491	-2.33664	9.86057	-11.1502	9.85	-11.15	0	-1.99559
9.85207	-11.304	0.0580638	-2.48548	9.83851	-11.2795	9.85	-11.3	0	-2.73184
9.85438	-11.4407	0.0520983	-2.48958	9.83839	-11.4483	9.85	-11.45	0	-2.73182
9.81547	-11.5965	-0.26506	-2.72278	9.79654	-11.5922	9.8	-11.6	-0.998566	-2.9957
9.79983	-11.733	-0.279573	-2.7318	9.75592	-11.7487	9.75	-11.75	-0.998566	-2.99569
9.772	-11.9091	-0.326161	-2.98462	9.77699	-11.9246	9.75	-11.9	0	-2.73084
9.75396	-12.0715	-0.321671	-2.97771	9.75861	-12.0491	9.75	-12.05	0	-2.73085
9.66554	-12.2079	-1.11283	-2.43568	9.63743	-12.1863	9.65	-12.2	-1.81598	-2.72396
9.60192	-12.3416	-1.12564	-2.44122	9.56514	-12.3446	9.55	-12.35	-1.81597	-2.72396
9.46506	-12.4584	-1.95388	-1.95368	9.47157	-12.4849	9.45	-12.45	-1.82132	-1.82133
9.35674	-12.5637	-1.95393	-1.94844	9.34752	-12.5408	9.35	-12.55	-1.82131	-1.82131
9.28717	-12.6811	-1.58094	-2.15062	9.32154	-12.7193	9.3	-12.65	-0.908038	-1.81606
9.20166	-12.796	-1.55951	-2.13035	9.24151	-12.7411	9.25	-12.75	-0.908029	-1.81605
9.07245	-12.8248	-2.23855	-0.975057	9.04013	-12.7738	9.05	-12.85	-3.64007	-1.82004
8.94395	-12.8812	-2.28338	-1.00464	8.83995	-12.9425	8.85	-12.95	-3.64007	-1.82003
8.74467	-12.9892	-2.92493	-1.41997	8.73518	-13.0163	8.75	-13	-1.9959	-0.997948
8.59996	-13.0592	-2.90921	-1.40963	8.6395	-13.0341	8.65	-13.05	-1.9959	-0.997948
8.4856	-13.0742	-2.66528	-0.806114	8.48414	-13.0416	8.5	-13.1	-2.73149	-0.910502
8.33986	-13.1205	-2.66741	-0.812075	8.34268	-13.1451	8.35	-13.15	-2.73146	-0.910485
8.18439	-13.1768	-2.72683	-0.904434	8.19497	-13.1991	8.2	-13.2	-2.72385	-0.907955
8.03593	-13.2278	-2.71872	-0.903675	8.06107	-13.2364	8.05	-13.25	-2.72383	-0.907947
7.89977	-13.2142	-2.77009	-0.185929	7.88931	-13.1791	7.9	-13.25	-2.72673	0
7.74816	-13.2259	-2.76927	-0.189189	7.75593	-13.2425	7.75	-13.25	-2.72673	0
7.57109	-13.2197	-2.99454	0.00630315	7.52542	-13.1457	7.6	-13.25	-2.72991	0
7.40918	-13.2211	-2.98095	0.00789274	7.44992	-13.2329	7.45	-13.25	-2.72991	0
7.20701	-13.1613	-3.49117	0.859794	7.19347	-13.1392	7.25	-13.2	-3.63887	0.909723
7.01804	-13.1182	-3.48247	0.853574	7.05468	-13.1604	7.05	-13.15	-3.63887	0.909723
6.88362	-13.121	-2.84187	0.0790047	6.90569	-13.1515	6.9	-13.15	-2.72312	0
6.72769	-13.1183	-2.84208	0.0752366	6.73255	-13.1364	6.75	-13.15	-2.72312	0
6.58043	-13.1368	-2.97488	0.0837975	6.69425	-13.3705	6.6	-13.15	-3.00475	0
6.43188	-13.1334	-2.97738	0.0813205	6.42749	-13.1436	6.45	-13.15	-3.00472	0
6.34764	-13.0851	-2.59779	0.650501	6.4246	-13.2048	6.35	-13.1	-1.9976	0.998786
6.21919	-13.0533	-2.58776	0.652838	6.2503	-13.0552	6.25	-13.05	-1.99758	0.998786
6.08994	-13.01	-2.58003	0.901419	6.162	-13.1569	6.1	-13	-2.72732	0.909111
5.94792	-12.9589	-2.57673	0.906004	5.95166	-12.9396	5.95	-12.95	-2.72732	0.909111
5.79318	-12.9033	-2.69478	0.991671	5.78183	-12.8825	5.8	-12.9	-2.72895	0.909657
5.64509	-12.8483	-2.69312	0.993381	5.64785	-12.8416	5.65	-12.85	-2.72896	0.909648
5.51721	-12.7544	-2.63647	1.519	5.54035	-12.7925	5.55	-12.75	-1.81808	1.81809
5.37516	-12.6706	-2.61167	1.52762	5.43842	-12.6552	5.45	-12.65	-1.81809	1.81809
5.29535	-12.5455	-2.1822	1.9868	5.33087	-12.5965	5.3	-12.55	-2.7236	1.81575
5.17283	-12.4366	-2.20279	1.97914	5.12059	-12.4527	5.15	-12.45	-2.72358	1.81572
5.05109	-12.3711	-2.21782	1.6645	5.13793	-12.5907	5.05	-12.35	-1.81967	1.81966
4.9295	-12.2759	-2.20539	1.67643	4.95241	-12.2277	4.95	-12.25	-1.81967	1.81967
4.81885	-12.131	-2.22489	2.34029	4.81467	-12.1072	4.85	-12.1	-1.81844	2.72766
4.69823	-11.9995	-2.2025	2.35314	4.75144	-11.9561	4.75	-11.95	-1.81844	2.72767
4.70717	-11.86	-1.02565	2.04649	4.6829	-11.7433	4.7	-11.85	-0.909557	1.8191
4.65193	-11.7481	-1.01727	2.04787	4.67603	-11.7496	4.65	-11.75	-0.909553	1.81911
4.59848	-11.611	-1.06957	2.42507	4.61619	-11.6508	4.6	-11.6	-0.907782	2.72335
4.53915	-11.4748	-1.06596	2.43182	4.5432	-11.4431	4.55	-11.45	-0.907778	2.72334
4.50746	-11.2532	-0.982148	3.45695	4.48104	-11.1618	4.5	-11.25	-0.910253	3.64099
4.45321	-11.0636	-0.985752	3.45512	4.44374	-11.0696	4.45	-11.05	-0.910253	3.64099
4.45623	-10.9758	-0.245275	1.94427	4.46178	-10.9843	4.45	-10.95	0	1.81804
4.44285	-10.8687	-0.243926	1.94499	4.4464	-10.8663	4.45	-10.85	0	1.81805
4.46754	-10.7914	-0.00512738	1.87763	4.60972	-11.1274	4.45	-10.75	0	1.81614
4.46507	-10.6833	-0.0110078	1.88576	4.43858	-10.6346	4.45	-10.65	0	1.81614
4.45067	-10.4809	-0.336193	3.18694	4.43099	-10.4242	4.45	-10.45	0	3.6396
4.43159	-10.3013	-0.328145	3.19921	4.44616	-10.2449	4.45	-10.25	0	3.6396
4.51613	-10.1359	0.659509	2.79732	4.52156	-10.1192	4.5	-10.1	0.910021	2.73005
4.55158	-9.9793	0.661683	2.80449	4.55225	-9.94382	4.55	-9.95	0.910013	2.73003
4.61583	-9.80525	0.918832	3.09902	4.5897	-9.73457	4.6	-9.8	0.999085	2.99725
4.66129	-9.65006	0.914431	3.09752	4.64586	-9.65356	4.65	-9.65	0.99908	2.99724
4.69252	-9.53589	0.969782	2.1752	4.61159	-9.38621	4.7	-9.55	0.910095	1.82021
4.74662	-9.41929	0.967048	2.16757	4.7442	-9.45683	4.75	-9.45	0.910091	1.82018
4.82112	-9.2736	1.15658	2.55567	4.80746	-9.23434	4.85	-9.3	1.99828	2.99743
4.88172	-9.1481	1.17201	2.55724	4.94202	-9.15915	4.95	-9.15	1.99826	2.99739
4.99095	-8.9716	1.48379	2.99672	5.03379	-9.03255	5	-9	0.908384	2.72514
5.07295	-8.80886	1.47829	2.98899	5.06039	-8.84271	5.05	-8.85	0.908384	2.72514
5.15104	-8.72789	1.59184	2.0403	5.21058	-8.83852	5.15	-8.75	1.81679	1.8168
5.24082	-8.619	1.5972	2.03439	5.26598	-8.6555	5.25	-8.65	1.81679	1.8168
5.32786	-8.48646	1.52349	2.32005	5.33786	-8.49992	5.35	-8.5	1.82017	2.73024
5.41274	-8.35992	1.52971	2.32081	5.43516	-8.36367	5.45	-8.35	1.82015	2.73022
5.54293	-8.23905	1.98821	2.1708	5.58025	-8.28767	5.55	-8.25	1.81852	1.81852
5.65357	-8.12292	1.98533	2.16096	5.65225	-8.1686	5.65	-8.15	1.8185	1.8185
5.75988	-8.03769	1.95312	1.88527	5.83663	-8.14888	5.75	-8.05	1.81752	1.81753
5.86515	-7.93358	1.93719	1.87747	5.81186	-7.95139	5.85	-7.95	1.81752	1.81752
5.94697	-7.85895	1.69635	1.6729	5.99151	-7.92468	5.95	-7.85	1.8194	1.8194
6.04002	-7.76605	1.69905	1.67706	6.04627	-7.74932	6.05	-7.75	1.81941	1.8194
6.14699	-7.60061	1.75354	2.37907	6.05883	-7.47931	6.15	-7.6	1.81742	2.72613
6.24349	-7.46829	1.76013	2.38714	6.26179	-7.43797	6.25	-7.45	1.8174	2.72611
6.39743	-7.362	2.53711	1.84151	6.3458	-7.29797	6.4	-7.35	2.7248	1.81653
6.53743	-7.26011	2.54194	1.84619	6.55234	-7.24441	6.55	-7.25	2.72477	1.81651
6.64511	-7.19255	2.30454	1.50687	6.61964	-7.17343	6.65	-7.2	1.81957	0.909789
6.77159	-7.11147	2.29531	1.49526	6.74556	-7.15305	6.75	-7.15	1.81957	0.909785
6.9032	-7.0324	2.34802	1.46344	6.919	-7.04822	6.9	-7.05	2.72946	1.81964
7.03397	-6.95237	2.35772	1.46907	7.06886	-6.94012	7.05	-6.95	2.72946	1.81964
7.14176	-6.83563	2.01543	1.92353	7.12574	-6.81829	7.15	-6.85	1.81554	1.81554
7.25302	-6.73016	2.01481	1.92148	7.25262	-6.73852	7.25	-6.75	1.81554	1.81554
7.33743	-6.64242	1.79226	1.76283	7.30586	-6.61905	7.35	-6.65	1.82007	1.82007
7.437	-6.54581	1.79783	1.76629	7.45762	-6.53827	7.45	-6.55	1.82005	1.82005
7.59529	-6.48457	2.6175	1.19265	7.59546	-6.48319	7.6	-6.5	2.72628	0.908764
7.74041	-6.42062	2.61635	1.1857	7.74315	-6.44913	7.75	-6.45	2.72628	0.908764
7.82749	-6.38087	1.97062	1.09513	7.8486	-6.40709	7.85	-6.4	1.81656	0.908285
7.93798	-6.32227	1.97427	1.09178	7.9584	-6.34152	7.95	-6.35	1.81656	0.908281
8.06456	-6.24451	2.16121	1.21857	8.05398	-6.23227	8.1	-6.25	2.73006	1.82003
8.18669	-6.1779	2.17769	1.23114	8.24773	-6.1485	8.25	-6.15	2.73005	1.82003
8.37174	-6.03258	2.84959	1.80926	8.32369	-5.98136	8.4	-6.05	2.72692	1.81795
8.53023	-5.934	2.85425	1.80945	8.55156	-5.93992	8.55	-5.95	2.7269	1.81794
8.6348	-5.83821	2.19774	1.92075	8.63806	-5.84559	8.65	-5.85	1.81844	1.81844
8.75608	-5.73346	2.19608	1.91542	8.7543	-5.75242	8.75	-5.75	1.81843	1.81843
8.91101	-5.65116	2.57127	1.66611	9.00947	-5.71389	8.9	-5.65	2.72464	1.81643
9.05272	-5.55883	2.57437	1.67176	9.06113	-5.54128	9.05	-5.55	2.72465	1.81643
9.15961	-5.45612	2.12322	1.85811	9.13937	-5.44533	9.15	-5.45	1.81916	1.81918
9.27358	-5.35238	2.11782	1.86068	9.24452	-5.3352	9.25	-5.35	1.81916	1.81916
9.36409	-5.29886	2.03363	1.37203	9.26221	-5.25032	9.35	-5.3	1.81895	0.909466
9.47384	-5.22398	2.0232	1.35927	9.43645	-5.25801	9.45	-5.25	1.81894	0.90947
9.56658	-5.12084	1.52047	1.78802	9.71784	-5.19928	9.55	-5.1	1.81986	2.72981
9.6485	-5.01959	1.52498	1.80798	9.64908	-4.9531	9.65	-4.95	1.81987	2.72981
9.76133	-4.87591	1.91683	2.09788	9.67182	-4.82288	9.75	-4.85	1.81736	1.81735
9.86652	-4.75993	1.91768	2.10172	9.86682	-4.74721	9.85	-4.75	1.81736	1.81735
9.96278	-4.64943	1.82587	2.06549	9.94653	-4.64316	9.95	-4.65	1.81806	1.81805
10.0639	-4.53626	1.82687	2.06388	10.0706	-4.54316	10.05	-4.55	1.81805	1.81805
10.2317	-4.45236	2.58466	1.73337	10.4074	-4.52899	10.2	-4.45	2.72609	1.8174
10.3714	-4.35616	2.57904	1.73285	10.3431	-4.35107	10.35	-4.35	2.72606	1.81737
10.4117	-4.19527	1.08798	2.5374	10.3837	-4.17982	10.4	-4.2	0.908945	2.72688
10.4708	-4.05603	1.08448	2.53181	10.4578	-4.07071	10.45	-4.05	0.908953	2.72687
10.5808	-3.95666	1.89313	2.05438	10.5531	-3.94939	10.55	-3.95	1.81903	1.81904
10.6814	-3.8429	1.88533	2.05225	10.6424	-3.84126	10.65	-3.85	1.81902	1.81903
10.7679	-3.69393	1.76993	2.3393	10.6157	-3.63689	10.75	-3.7	1.81931	2.72896
10.8641	-3.56426	1.76982	2.34686	10.8572	-3.53957	10.85	-3.55	1.81931	2.72896
10.9171	-3.39453	1.30694	2.83636	10.8149	-3.35552	10.9	-3.4	0.999745	2.99928
10.9789	-3.25186	1.3	2.83499	10.9372	-3.24816	10.95	-3.25	0.999754	2.99928
11.0726	-3.14614	1.92326	2.28793	10.9078	-3.10703	11.05	-3.15	1.81764	1.81765
11.1754	-3.02101	1.91397	2.27371	11.135	-3.05697	11.15	-3.05	1.81763	1.81764
11.2123	-2.89341	1.01634	2.38159	11.1507	-2.87978	11.2	-2.9	0.909657	2.72896
11.267	-2.76169	1.01521	2.38722	11.2571	-2.74346	11.25	-2.75	0.909648	2.72893
11.2167	-2.58308	-0.569645	3.05171	11.2614	-2.58697	11.2	-2.6	-0.998725	2.99617
11.1846	-2.4305	-0.577831	3.04269	11.1393	-2.45312	11.15	-2.45	-0.998725	2.99616
11.2409	-2.28924	0.769794	2.69909	11.2346	-2.28949	11.2	-2.3	0.908813	2.72643
11.2798	-2.14117	0.761489	2.68902	11.239	-2.16508	11.25	-2.15	0.908805	2.7264
11.3153	-2.00481	0.868751	2.56438	11.1623	-1.9797	11.3	-2	0.909855	2.72956
11.3612	-1.86329	0.865655	2.56774	11.3424	-1.85113	11.35	-1.85	0.909847	2.72953
